0.18549999594688416
0.3246999979019165
0.35323333740234375
0.4194500148296356
0.4425166845321655
0.4704499840736389
0.5077666640281677
0.5218833684921265
0.5300333499908447
0.5442333221435547
0.5762999653816223
0.5982832908630371
0.611133337020874
0.6145666837692261
0.6166166663169861
0.6263333559036255
0.6422666311264038
0.6530166864395142
0.6656999588012695
0.671833336353302
0.6813499927520752
0.6894166469573975
0.7042999863624573
0.7100500464439392
0.7174667119979858
0.7258833646774292
0.7292166948318481
0.7345666885375977
0.7440500259399414
0.750083327293396
0.7617500424385071
0.7675833702087402
0.7730333209037781
0.7776666879653931
0.7805500030517578
0.7853333353996277
0.7910000085830688
0.7930333614349365
0.796833336353302
0.7979999780654907
0.8042666912078857
0.8067166805267334
0.8136666417121887
0.8166000247001648
0.8208166360855103
0.8242499828338623
0.8248666524887085
0.8274166584014893
0.828700065612793
0.8321499824523926
0.8343000411987305
0.8376166820526123
0.8394500017166138
0.840416669845581
0.8425833582878113
0.8448166251182556
0.845300018787384
0.8490666151046753
0.8515499830245972
0.8534333109855652
0.8562166690826416
0.8570666909217834
0.8591499924659729
0.8620833158493042
0.863883376121521
0.8659332990646362
0.868483304977417
0.8698166608810425
0.8713833689689636
0.8722666501998901
0.873283326625824
0.8732666969299316
0.8751167058944702
0.8768666982650757
0.8780666589736938
0.8791167140007019
0.8808499574661255
0.8814500570297241
0.8834333419799805
0.884850025177002
0.885450005531311
0.8879500031471252
0.8887666463851929
0.890250027179718
0.8912000060081482
0.8912999629974365
0.8934000134468079
0.8939999938011169
0.8954166769981384
0.8951999545097351
0.8957833647727966
0.8976999521255493
0.8970833420753479
0.8981333374977112
0.8988999724388123
0.8995166420936584
0.9013500213623047
0.9028499722480774
0.9034666419029236
0.9025999903678894
0.9048500061035156
0.905066728591919
0.9059500098228455
0.9064499735832214
0.9077000021934509
0.9085333347320557
0.9089833498001099
0.91034996509552
0.9115166664123535
0.911549985408783
0.9131333827972412
0.913183331489563
0.9143333435058594
0.9143666625022888
0.9157166481018066
0.9159666299819946
0.9169333577156067
0.9168000221252441
0.9172833561897278
0.9185166358947754
0.9185000061988831
0.9181666374206543
0.9191499948501587
0.9190499782562256
0.9193833470344543
0.9205000400543213
0.9202499985694885
0.9215167164802551
0.920616626739502
0.9213666915893555
0.9214333295822144
0.9224499464035034
0.9223999977111816
0.9229333400726318
0.9238166213035583
0.9244166612625122
0.9245166778564453
0.9250333309173584
0.9250832796096802
0.9256333112716675
0.9259000420570374
0.9264000058174133
0.9269000291824341
0.9269166588783264
0.927649974822998
0.927466630935669
0.9278833866119385
0.9285999536514282
0.9287166595458984
0.9287332892417908
0.9299666881561279
0.9293166399002075
0.9300500154495239
0.9299333691596985
0.9302332997322083
0.9309499263763428
0.9317499399185181
0.9317666888237
0.9321166276931763
0.9321833252906799
0.9328833818435669
0.9330499768257141
0.9331666231155396
0.9331333041191101
0.9333333373069763
0.9337666630744934
0.9340332746505737
0.934249997138977
0.9345999956130981
0.9349499940872192
0.9352833032608032
0.9354166984558105
0.9361000061035156
0.9361000061035156
0.9359166622161865
0.9362333416938782
0.9362833499908447
0.9366833567619324
0.936466634273529
0.9371500015258789
0.9369332790374756
0.9378666877746582
0.9380666613578796
0.9383166432380676
0.9387999773025513
0.9390000104904175
0.9383833408355713
0.9387666583061218
0.93913334608078
0.9391166567802429
0.9395666718482971
0.9398333430290222
0.9399833679199219
0.9400833249092102
0.9407666921615601
0.9411333799362183
0.94118332862854
0.9416000247001648
0.9421166181564331
0.9414000511169434
0.942466676235199
0.942466676235199
0.9429500102996826
0.9427499771118164
0.9432833194732666
0.9432833194732666
0.9438166618347168
0.9440000057220459
0.944100022315979
0.9442833065986633
0.9446666240692139
0.944599986076355
0.9450666308403015
0.9451666474342346
0.9454166293144226
0.9455999732017517
0.9457833170890808
0.9457666873931885
0.9460332989692688
0.9462667107582092
0.9467999935150146
0.946399986743927
0.9472000002861023
0.9473666548728943
0.947533369064331
0.9475666880607605
0.9475666880607605
0.947433352470398
0.9477500319480896
0.9483499526977539
0.9480666518211365
0.948283314704895
0.9484000205993652
0.9490333199501038
0.9482333064079285
0.9485666155815125
0.9488666653633118
0.9489166736602783
0.9492666721343994
0.9493333101272583
0.9498666524887085
0.9504499435424805
0.9501833319664001
0.9502000212669373
0.9503999948501587
0.9504332542419434
0.9504166841506958
0.9508166909217834
0.9510166645050049
0.9514166712760925
0.9512667059898376
0.9514167308807373
0.9518333077430725
0.9514833688735962
0.9513499736785889
0.951866626739502
0.952549934387207
0.9522333741188049
0.9529333114624023
0.9526666402816772
0.9527333378791809
0.9529333114624023
0.9533666372299194
0.9537833333015442
0.954300045967102
0.9542999863624573
0.9545000195503235
0.9545499682426453
0.9546833038330078
0.9549333453178406
0.9552834033966064
0.9553166627883911
0.9554499983787537
0.9554166793823242
0.9555666446685791
0.9561499953269958
0.9558999538421631
0.9560166597366333
0.9556499719619751
0.9558499455451965
0.9554333686828613
0.9558999538421631
0.9562666416168213
0.9560999870300293
0.9562499523162842
0.9567000269889832
0.95660001039505
0.9569000005722046
0.9563166499137878
0.9568666219711304
0.9567999839782715
0.9573666453361511
0.9569499492645264
0.9573999643325806
0.957466721534729
0.9572833180427551
0.9574833512306213
0.958050012588501
0.9579833745956421
0.9578333497047424
0.9580832719802856
0.9588667154312134
0.9590833187103271
0.9589833617210388
0.9592333436012268
0.9596666693687439
0.9592999815940857
0.959649920463562
0.9599500298500061
0.9595667123794556
0.9595000147819519
0.9597499966621399
0.9599499702453613
0.9600166082382202
0.9605000019073486
0.9602832794189453
0.9604166746139526
0.9602333307266235
0.9606999754905701
0.9606500267982483
0.9608500003814697
0.9608333110809326
0.9609333276748657
0.9610832929611206
0.9613166451454163
0.9612166285514832
0.9615166783332825
0.9616166353225708
0.9617500305175781
0.9614500403404236
0.9618666768074036
0.961733341217041
0.9619333744049072
0.9621166586875916
0.9617666602134705
0.9619666934013367
0.9618833065032959
0.9622000455856323
0.962149977684021
0.9621166586875916
0.9623166918754578
0.9625999927520752
0.9622832536697388
0.9622999429702759
0.9629666805267334
0.9626500010490417
0.9628833532333374
0.9632500410079956
0.9630666971206665
0.9634333252906799
0.9630833268165588
0.963366687297821
0.9634667038917542
0.9635833501815796
0.9636666178703308
0.9636833071708679
0.9634166359901428
0.9637333750724792
0.9635666608810425
0.9638333320617676
0.9639999866485596
0.9639333486557007
0.964033305644989
0.9641667008399963
0.9640499949455261
0.9637333154678345
0.9640499353408813
0.9639999866485596
0.9643666744232178
0.9643833637237549
0.96465003490448
0.9644500017166138
0.964816689491272
0.9647499918937683
0.9650332927703857
0.9650499820709229
0.9650166630744934
0.9650499820709229
0.9650833010673523
0.9650999903678894
0.965233325958252
0.9657666683197021
0.9656833410263062
0.9656000137329102
0.965583324432373
0.9655166864395142
0.9655500054359436
0.965499997138977
0.9660333395004272
0.9659500122070312
0.9659833908081055
0.9658333659172058
0.9657833576202393
0.9656832814216614
0.9658499956130981
0.9660166501998901
0.9662166833877563
0.96628338098526
0.9661999940872192
0.9663000106811523
0.9662666320800781
0.9664499759674072
0.9667499661445618
0.9665166735649109
0.9667167067527771
0.9670000076293945
0.9668833613395691
0.9670999646186829
0.9675000309944153
0.9674666523933411
0.9675166606903076
0.967449963092804
0.9677000045776367
0.9676333665847778
0.9675500392913818
0.9678500294685364
0.9680833220481873
0.9677333235740662
0.9680333137512207
0.9678666591644287
0.9680166244506836
0.9678666591644287
0.9681832790374756
0.9680666923522949
0.9683167338371277
0.9682666659355164
0.9677833318710327
0.9681999683380127
0.9683833122253418
0.9684000015258789
0.9682666659355164
0.9684332609176636
0.9688000679016113
0.9684833288192749
0.9689500331878662
0.9687833786010742
0.9692166447639465
0.9689666628837585
0.9688499569892883
0.9689833521842957
0.9690499901771545
0.969249963760376
0.9688833355903625
0.9693999886512756
0.9696500301361084
0.9695500135421753
0.9696500301361084
0.9696333408355713
0.9696000218391418
0.9697333574295044
0.9698166251182556
0.9697333574295044
0.96916663646698
0.9701833128929138
0.9699667096138
0.9698333144187927
0.9698166847229004
0.9699000120162964
0.9702000617980957
0.9699666500091553
0.9700000286102295
0.9702666401863098
0.9699166417121887
0.9702999591827393
0.9701499938964844
0.9702666997909546
0.9703666567802429
0.9706166386604309
0.9703667163848877
0.9703500270843506
0.9704499840736389
0.9708166122436523
0.9706332683563232
0.97079998254776
0.9708499908447266
0.9709500074386597
0.9709333181381226
0.9708666205406189
0.9713333249092102
0.9709833264350891
0.9712666869163513
0.9712833166122437
0.9713833332061768
0.9712166786193848
0.9713666439056396
0.9707666635513306
0.9713666439056396
0.9715499877929688
0.9717333912849426
0.9714333415031433
0.9715499877929688
0.9712666869163513
0.9717333316802979
0.9716999530792236
0.9714499711990356
0.9715499877929688
0.9716166257858276
0.9715333580970764
0.9718166589736938
0.971500039100647
0.9715666770935059
0.9717833399772644
0.9719499945640564
0.9718833565711975
0.9719666242599487
0.9722166657447815
0.9722000360488892
0.972083330154419
0.9720999598503113
0.9722332954406738
0.9720333218574524
0.9724166393280029
0.9724499583244324
0.972083330154419
0.9725833535194397
0.9724500179290771
0.9727166295051575
0.9728000164031982
0.9728333353996277
0.9723666906356812
0.9728167057037354
0.9727333188056946
0.9727499485015869
0.9726166725158691
0.9724166989326477
0.9727833271026611
0.9731833934783936
0.9729666709899902
0.9735166430473328
0.9731000661849976
0.9730333089828491
0.9732000231742859
0.9734500050544739
0.9735667109489441
0.9734333753585815
0.9734333753585815
0.9735833406448364
0.9735333323478699
0.9735499620437622
0.9735333323478699
0.973716676235199
0.9736666679382324
0.9736167192459106
0.9737832546234131
0.9740833640098572
0.9739000201225281
0.9739000201225281
0.9736999869346619
0.973883330821991
0.973633348941803
0.973966658115387
0.9737000465393066
0.9739333391189575
0.9738000631332397
0.9742000102996826
0.9743000268936157
0.9740833044052124
0.9743666648864746
0.974299967288971
0.9744666814804077
0.9747333526611328
0.974399983882904
0.9745000004768372
0.9747333526611328
0.9748666286468506
0.974649965763092
0.9748333096504211
0.9748833179473877
0.9750333428382874
0.975100040435791
0.9752333164215088
0.9750833511352539
0.9751999974250793
0.9751833081245422
0.9752666354179382
0.9752333164215088
0.9750499725341797
0.9753166437149048
0.9750833511352539
0.9753499627113342
0.9753333330154419
0.9749999642372131
0.9751999974250793
0.9754999876022339
0.9752833247184753
0.9752999544143677
0.9753333330154419
0.975683331489563
0.9754833579063416
0.9755333662033081
0.9754166603088379
0.9753999710083008
0.9754666090011597
0.975433349609375
0.9755833148956299
0.9757832884788513
0.9758666753768921
0.9756666421890259
0.9756999611854553
0.9757167100906372
0.9757833480834961
0.9759500026702881
0.9757833480834961
0.9761833548545837
0.9761833548545837
0.9763500094413757
0.9759500026702881
0.9759166836738586
0.9761999845504761
0.9761666655540466
0.9763833284378052
0.9764833450317383
0.976616621017456
0.9763666987419128
0.9765166640281677
0.9765666723251343
0.9764166474342346
0.9763833284378052
0.9764500260353088
0.976616621017456
0.9764333367347717
0.9764499664306641
0.9763833284378052
0.9766000509262085
0.9766666889190674
0.9764499664306641
0.9769166707992554
0.9767833352088928
0.9769333600997925
0.9768666625022888
0.9769333600997925
0.9770500063896179
0.9770833253860474
0.9769833087921143
0.9768832921981812
0.9770833253860474
0.9771000146865845
0.9770333766937256
0.9770833253860474
0.9772166609764099
0.9772999882698059
0.977316677570343
0.9773666858673096
0.9774999618530273
0.9774333238601685
0.9775667190551758
0.9772832989692688
0.9775000214576721
0.9774166345596313
0.9774999618530273
0.977566659450531
0.9777833223342896
0.9777666926383972
0.977983295917511
0.977316677570343
0.9777166843414307
0.9775000214576721
0.9777333736419678
0.9777833223342896
0.9776500463485718
0.9777499437332153
0.9779499769210815
0.9778333306312561
0.9778833389282227
0.9778833985328674
0.9778500199317932
0.9779666662216187
0.9779332876205444
0.9780333042144775
0.9782166481018066
0.977899968624115
0.9779333472251892
0.9779999852180481
0.9783499836921692
0.9781666994094849
0.9781500101089478
0.9783332943916321
0.9783999919891357
0.9783833026885986
0.9784500598907471
0.9785000085830688
0.9781666398048401
0.9784500002861023
0.9784833192825317
0.9787000417709351
0.9786333441734314
0.9786999821662903
0.9787333011627197
0.9787333011627197
0.9787999987602234
0.9784500002861023
0.9788166880607605
0.978950023651123
0.9790999889373779
0.9787000417709351
0.9789333343505859
0.9793166518211365
0.9788500070571899
0.9789166450500488
0.9787999987602234
0.9789333343505859
0.9790499806404114
0.9790666699409485
0.9789000153541565
0.978950023651123
0.9792333841323853
0.979366660118103
0.979366660118103
0.9794333577156067
0.979366660118103
0.9793334007263184
0.9794666767120361
0.979116678237915
0.979366660118103
0.9797333478927612
0.9793167114257812
0.9794999957084656
0.9796000123023987
0.9795500040054321
0.9795500040054321
0.9795833230018616
0.9796667098999023
0.979449987411499
0.979533314704895
0.9797000288963318
0.9795999526977539
0.9796333312988281
0.9797833561897278
0.9796500205993652
0.9797999858856201
0.979616641998291
0.979449987411499
0.9798333644866943
0.9798499941825867
0.9801499843597412
0.9798499941825867
0.9799833297729492
0.9801499843597412
0.9798333644866943
0.9802166223526001
0.9802500009536743
0.9803666472434998
0.9801666736602783
0.9803666472434998
0.980400025844574
0.9803333282470703
0.9801999926567078
0.9804832935333252
0.9804500341415405
0.9803666472434998
0.9804500341415405
0.9805333614349365
0.9804666638374329
0.9805166721343994
0.9806833267211914
0.9806666374206543
0.9804999828338623
0.9807499647140503
0.980650007724762
0.9805833101272583
0.9805166721343994
0.9806999564170837
0.9809000492095947
0.9809666872024536
0.9808000326156616
0.9809166789054871
0.9807500243186951
0.9806833267211914
0.9809666872024536
0.981083333492279
0.9810333251953125
0.9811167120933533
0.9812833666801453
0.9809666872024536
0.981166660785675
0.9808167219161987
0.9811833500862122
0.9814333319664001
0.9813500046730042
0.9810999631881714
0.9809333682060242
0.9811000227928162
0.9811832904815674
0.9815332889556885
0.9814500212669373
0.9815165996551514
0.981416642665863
0.9811999797821045
0.9813166856765747
0.9812166690826416
0.9815500378608704
0.9815499782562256
0.9815999865531921
0.981499969959259
0.9815666675567627
0.9814833402633667
0.9816666841506958
0.9817000031471252
0.9816333055496216
0.9817000031471252
0.9815500378608704
0.9818333387374878
0.9816666841506958
0.9817500114440918
0.9817000031471252
0.9818333387374878
0.9816999435424805
0.9816833138465881
0.9817667007446289
0.9816999435424805
0.9818166494369507
0.9816666841506958
0.9818333387374878
0.9819666743278503
0.9821500182151794
0.9819332957267761
0.9819833636283875
0.9821333289146423
0.982283353805542
0.9823833703994751
0.9819833040237427
0.9822499752044678
0.9823333024978638
0.9820166826248169
0.9821833372116089
0.9822666645050049
0.9824000000953674
0.9822499752044678
0.98253333568573
0.98253333568573
0.9823333024978638
0.9828000068664551
0.9825500249862671
0.9826333522796631
0.9824000597000122
0.9825999736785889
0.9823499917984009
0.9825166463851929
0.9824833273887634
0.9824999570846558
0.9827333688735962
0.98253333568573
0.9825833439826965
0.9825667142868042
0.9826667308807373
0.9826833009719849
0.982783317565918
0.9826666712760925
0.9828667044639587
0.9826333522796631
0.9825999736785889
0.9824833869934082
0.982699990272522
0.9828000068664551
0.9829000234603882
0.9828333258628845
0.9830666780471802
0.98294997215271
0.9830666780471802
0.9830666780471802
0.9828333854675293
0.9829167127609253
0.9828499555587769
0.9830166697502136
0.9832833409309387
0.983116626739502
0.9832166433334351
0.9833500385284424
0.9833166599273682
0.9832833409309387
0.9833999872207642
0.9833833575248718
0.9832833409309387
0.9834000468254089
0.9832500219345093
0.9835166335105896
0.9835333228111267
0.9831833839416504
0.9834666848182678
0.983466625213623
0.9834833741188049
0.9835000038146973
0.9836166501045227
0.9838500022888184
0.9837999939918518
0.9837666749954224
0.9836833477020264
0.9838833212852478
0.9839666485786438
0.983716607093811
0.9837333559989929
0.9837666749954224
0.9838500022888184
0.9841499328613281
0.9839500188827515
0.9840832948684692
0.983916699886322
0.9839833378791809
0.9840500354766846
0.9840832948684692
0.9840332865715027
0.984083354473114
0.9841499924659729
0.9842166900634766
0.9841499924659729
0.9840499758720398
0.9842833280563354
0.9841499924659729
0.98416668176651
0.9842333793640137
0.9842166900634766
0.984083354473114
0.9842333793640137
0.9842000007629395
0.9843166470527649
0.984083354473114
0.9841166734695435
0.9842333197593689
0.984416663646698
0.9842666387557983
0.9840666651725769
0.9843333959579468
0.9844333529472351
0.9842833280563354
0.9847666025161743
0.9845499992370605
0.9844666719436646
0.9843333959579468
0.984416663646698
0.9846500158309937
0.9846833944320679
0.9847166538238525
0.9846333265304565
0.9846166968345642
0.9846333265304565
0.9847167134284973
0.9846500158309937
0.984833300113678
0.9847500324249268
0.9848999977111816
0.9847333431243896
0.9849166870117188
0.984833300113678
0.984833300113678
0.9846166372299194
0.9846999645233154
0.9846833348274231
0.9850167036056519
0.9849832653999329
0.9850166440010071
0.9851999878883362
0.9851832985877991
0.9849833250045776
0.9848666191101074
0.9853500127792358
0.9850000143051147
0.985116720199585
0.9851999878883362
0.9854999780654907
0.9852166771888733
0.9851832985877991
0.9852166175842285
0.9853000044822693
0.9852166771888733
0.9855833649635315
0.9852333068847656
0.9853166341781616
0.9853333830833435
0.9854999780654907
0.9854499697685242
0.9853166341781616
0.9853166341781616
0.9853999614715576
0.985450029373169
0.9856333136558533
0.9855999946594238
0.985466718673706
0.985550045967102
0.9855166673660278
0.9855166673660278
0.9856333136558533
0.9856833219528198
0.9855499267578125
0.9858167171478271
0.9856166839599609
0.9854999780654907
0.9858499765396118
0.9857333302497864
0.986050009727478
0.985633373260498
0.9856666922569275
0.9859166741371155
0.9857333302497864
0.9857000112533569
0.9859000444412231
0.9859166741371155
0.9860333204269409
0.9858166575431824
0.9858333468437195
0.9859833717346191
