0.5369789640782243
0.11578357017646401
0.08247372255486957
0.06651219675096415
0.05680962336265435
0.05009563494536836
0.0449754302784548
0.040876461287676275
0.03757069878659006
0.034783096636755995
0.032393867686643436
0.030288019422757422
0.02843047400652352
0.02674883503024861
0.025259405879651087
0.02389342502012091
0.02264237403869629
0.021490280911073845
0.020430261805906135
0.01944009934441518
0.018522828312243445
0.017646417779437568
0.016835459208084366
0.016067005820193533
0.015333204956377968
0.014646346286191778
0.013985200453612763
0.013344645500183105
0.012725122904373427
0.012124027236033294
0.011561397778785835
0.01103205195928024
0.010535347259650796
0.010058892985521737
0.009609705310756876
0.009190738201141357
0.00879076678874129
0.008421178591453422
0.008081432621357805
0.0077603666459099725
0.007466859736685026
0.0071850600889173605
0.006922009637800313
0.006676047535265906
0.006442143755444026
0.006221887418779277
0.006016898963410976
0.00582061632204864
0.005639096437874487
0.0054640901290764245
0.005276717371859793
0.005084087788048437
0.004886748427051609
0.004686614214363745
0.004470906015169822
0.0042678895643201925
0.004059579917940043
0.003861633902889187
0.0036788805056426487
0.0035065761056997007
0.003349950252953222
0.0032075103056632866
0.003071359153521263
0.0029497080940311237
0.0028251500452979137
0.0027135231737363138
0.002606752060227475
0.0025074499643455116
0.002418781488628711
0.0023354046930701045
0.0022588109565993488
0.002189590769299006
0.0021193186610431996
0.002054029602115437
0.0019896222373186534
0.0019262137554459653
0.001865607197001829
0.0018082600781473062
0.0017578072719654796
0.0017121900188720833
0.001669635459528131
0.0016361584855338275
0.0016068606558492628
0.001582072195360216
0.0015616743999012446
0.0015410624318203685
0.0015192617804317152
0.0014935181302539373
0.0014607881085347322
0.001428021970441786
0.0013925021482726276
0.0013567053918111121
0.0013185690267611357
0.0012801077406285172
0.0012422901088908567
0.0012077954360994242
0.001172870271286722
0.0011406111515174478
0.0011106301414764534
0.001081724161818876
