2.200694973185911
1.969265566033832
1.8311514127052437
1.73240002131058
1.6904871019266419
1.6125318882829052
1.552533036571438
1.5195214223053495
1.4249837843038269
1.3319598699020128
1.2322948908401747
1.1877293990830244
1.1278500314486228
1.0921442064188294
1.0647843571032507
1.0228265018786413
0.9856263500148967
0.9668900441315215
0.9121622635146319
0.8766136815992452
0.8456793316340042
0.8169842736195709
0.7852235567771783
0.7573767193293167
0.7264132742154397
0.7074263621184785
0.6888708340919624
0.6731308759269068
0.6513345362776417
0.6412447913218353
0.6209273257498014
0.6127834643347788
0.5992910740739208
0.5896303209207826
0.5753259173894333
0.5685318122475834
0.5578064999337924
0.5490954770880231
0.5422624167749437
0.5363062195858713
0.5262162806624073
0.5197323944609044
0.5026951482740499
0.49176073882539395
0.4831256866455078
0.47341320878368315
0.46238482200493247
0.45623785762463587
0.4496664273536811
0.44597263659461067
0.44103008205607785
0.43666949514615333
0.4246013447389764
0.4195810738256422
0.4146526789261123
0.4116437879659362
0.40876976918366
0.4049707509703555
0.40030557018215374
0.39605806641659497
0.38913203093965176
0.3846791477526649
0.3792977413888705
0.3739431672177072
0.3694702083781614
0.3655617924059852
0.362105644355386
0.3578607591532044
0.3562095124842757
0.3542674113128145
0.3510048429844743
0.34805844193798
0.34395541174937105
0.34173244540974246
0.3380829762604277
0.3355812783968651
0.3332348193152476
0.3316503621764102
0.32786133329747086
0.3244715868416479
0.32128744610285354
0.31807120371673064
0.3165996034266585
0.314899056644763
0.3121767205707097
0.3100356409105204
0.307839927026781
0.3057014659299689
0.30402219093452065
0.3027558730820478
0.3011110920017048
0.29975567833851957
0.2976317971439685
0.29596897707147113
0.29326914124569653
0.2916428840766519
0.28895426604707364
0.2861137390136719
0.283661341263076
0.2820276809951006
0.2807828288967327
0.27963518692275224
0.27841277041677703
0.27701542741161284
0.27580655631372486
0.27439253209000924
0.27181926016080177
0.2707155518612619
0.2688886513144283
0.2667458097813493
0.2656526888831187
0.2638210361286745
0.2613423395965059
0.2599486334849212
0.2590044150918217
0.2575968079647775
0.2564382068181442
0.25489394947633903
0.25375938415527344
0.252850904303082
0.251560259673555
0.25079675448142874
0.2501268225201106
0.24794809697038037
0.24629230822547007
0.24460168612205377
0.24324630478681145
0.24200727171817069
0.2413664510694601
0.24057596820895955
0.23991581545037738
0.2393110081300897
0.23803950164277674
0.23720401828571902
0.23561540700621525
0.2345067202034643
0.2327955052004022
0.2316491078522246
0.23003009214239606
0.22916932833396783
0.22802158937615863
0.22592652854272874
0.22512688071040785
0.22346865120580642
0.22230586359056376
0.2214780904478946
0.22030536199020126
0.21961260650117517
0.21798457129526946
0.21678176168668067
0.21591157428288865
0.2148541757615946
0.213876061520334
0.213294869762356
0.21248956454002252
0.21170865075062897
0.20967777704788468
0.20793172868631654
0.2065227961136123
0.2058224435579979
0.2054674342527228
0.2041953943543515
0.20289954492601298
0.20232816469871392
0.20111048423637778
0.2001548702433958
0.19902896881103516
0.1978586164571471
0.1970630257816638
0.19652798216221695
0.19570961645094015
0.19497609542588057
0.1944147368608895
0.1936976545948093
0.19238882549738479
0.191636505773512
0.19112063262422205
0.19017804679224046
0.18965470588813393
0.1888869980634269
0.18809725874561375
0.18741745059773074
0.1868834091445147
0.18610168715654793
0.18551684234101892
0.18475787922487422
0.1843677132816638
0.18381821907172768
0.18304802199541512
0.18248798887608414
0.18184965747897908
0.18103955155712062
0.18061162657656912
0.17966173462948556
0.17889692015567069
0.17778485508288366
0.17676993547859837
0.17650070836988546
0.17607957225734905
0.17536515704656053
0.1751756829730535
0.17457583799200543
0.1742128275208554
0.1733624409821074
0.17273080146918862
0.17231558137020822
0.1716022976374222
0.17144329265012578
0.17094956414174226
0.17035962767520194
0.1702039524660272
0.16918673757779396
0.16850498975333522
0.1682017698126324
0.16754913330078125
0.16717399985103285
0.16677751379497982
0.16642290858899134
0.16574942055395095
0.16522499666375629
0.1648480690131753
0.16470847695560778
0.1642495171498444
0.16355296312752415
0.1627471891500182
0.16195471812102755
0.1614618139751887
0.1609810004800053
0.16013756444898702
0.1595770625744836
0.15903167401329946
0.15851392584331966
0.1582512289790784
0.1580624337923729
0.1576885611323987
0.1572250592506538
0.15675111544334283
0.1561218197062864
0.15559977191989705
0.15501484628451073
0.15475987579862951
0.15406724962137514
0.1535031916731495
0.15269995543916345
0.15244742571297337
0.15185849141266386
0.1513840465222375
0.1507656776298911
0.150674852274232
0.15007107944811804
0.14982844207246424
0.1495569520077463
0.14921831680556474
0.14882157212596828
0.14867032584497483
0.1484216431439933
0.1480234113790221
0.14764848806090275
0.14724592435157904
0.14729320396811274
0.14679730948755296
0.14651287208169195
0.1459716376611742
0.14565610077421545
0.145322654206874
0.1447036549196405
0.14414666062694484
0.14371113857980503
0.14335137706691936
0.14287082219527938
0.14252607701188427
0.14213379358841202
0.14175486160536943
0.14135619341316868
0.14066319546457065
0.14034922648284395
0.1399377564252433
0.13948246584100238
0.13896138789290088
0.13879512528241691
0.13823837344929324
0.13810009067341433
0.13740023920091532
0.1370697021484375
0.13672182115457826
0.13631919278936871
0.1360520185050318
0.13594436645507812
0.1356612383309057
0.1353694139900854
0.13494111723819022
0.13458087080616063
0.13408327910859705
0.13370438753548314
0.1336622561438609
0.13332421092663782
0.13285275637093236
0.1325656276638225
0.13209422968201717
0.13156237844693458
0.13151654550584696
0.13131650827698788
0.13067318221270027
0.13036755384024928
0.13012945045859126
0.12974111912614208
0.12957183385299423
0.12901332014698094
0.12903517383640095
0.12876693272994735
0.12827187877590374
0.12798530772580938
0.1276145951222565
0.1273689512479103
0.12712528746006851
0.1267692436606197
0.12649609678882665
0.1261872032941398
0.12581561783612785
0.1254173294972565
0.12532217219724492
0.12504588951498774
0.12451252694857323
0.1242228524159577
0.12389797275349246
0.12351657576480154
0.1233180498672744
0.12301225985510875
0.12265501183978582
0.12226657544152211
0.12216588198128393
0.12179892750109657
0.12151963832014698
0.12132662433688923
0.12104939606230138
0.12097720776574086
0.1206236855458405
0.12029873314550367
0.11990653862387447
0.11962863954447084
0.1195953336812682
0.11930560257475255
0.11917971756498692
0.11883860927517131
0.11867974976361809
0.11837176145133325
0.11803019248833091
0.11771673267170535
0.11736367112499173
0.1169956255767305
0.11682720507605601
0.11669905711028536
0.11649570626727605
0.11617701740588172
0.11597655183177884
0.1155795889385676
0.11524897106623246
0.11500718229908054
0.11457353527263059
0.11441697912701106
0.11429162752830375
0.11387825012207031
0.11356909800384005
0.11313488523838884
0.11304705021745068
0.11290395866006107
0.11255956100205243
0.11252810591358249
0.11226354211063708
0.1120198298308809
0.11165650416228731
0.11144937094995531
0.11112501661656267
0.11081871743929589
0.11051519038313526
0.11049758781821041
0.11027615757311805
0.1098378229949434
0.1097204402341681
0.10953169353937699
0.10939450991355766
0.10923325005224195
0.10906642978474246
0.10900764142052602
0.10866331650038898
0.1085239911483506
0.10821825771008507
0.10810582112457792
0.10784847453489142
0.10769642005532475
0.10759601754657293
0.10715889526625812
0.10699466123419293
0.10681436829647775
0.10632285425218485
0.10627568778345141
0.10596462831658832
0.10581697043726
0.1054214218915519
0.10518054638878774
0.10500355090125132
0.10500175670041877
0.10478043152114093
0.10444034156152758
0.10409680059400656
0.10404969069917323
0.10392705464767198
0.10363860857688774
0.10356587070529744
0.10319480249437235
0.10302146006438692
0.10284355939444849
0.10258995476415601
0.10248603659161067
0.10235977172851562
0.10206217684988249
0.10180083775924424
0.10156254040992867
0.10135391203023619
0.10115844920530158
0.10106366367663368
0.1010827371629618
0.10078439874164129
0.10056277452889135
0.10026526047011554
0.10002406168792208
0.09984617718195511
0.09953689575195312
0.09930241309990318
0.0990358530464819
0.0988899570400432
0.09867723109358448
0.09858094231557038
0.09815682395029876
0.09807431495795815
0.09792807142613298
0.09770626132771121
0.09737460896120233
0.0971997147899563
0.09699827937756554
0.09688834012564966
0.09666088071920104
0.09663939071913898
0.09643412444551112
0.09619007272235418
0.09582137253324864
0.09564226764743611
0.0955248283127607
0.09523681058722028
0.09527033466403767
0.09501722303487486
0.09489137035305217
0.09487940901416843
0.09481148800607454
0.09468816498578606
0.09462151284945214
0.09426270501088288
0.09419614177639202
0.09411200830491923
0.0940239308244091
0.09367151583655406
0.09361830404249288
0.09333699436511024
0.0931419275574765
0.09314623525587179
0.09294340165994935
0.0927677477820445
0.09269647274987172
0.09258134486311573
0.09246480262885659
0.09228696661480403
0.09218544071003543
0.09195212186393091
0.09177772069381455
0.091663304021803
0.09154162972660387
0.09120789220777609
0.09095274391820875
0.09081686149209232
0.09063336808802717
0.0906727839324434
0.09046228053206104
0.09021708116693011
0.09002383280608614
0.08975895380569716
0.08970815852536994
0.08968404187994489
0.08951859555001986
0.08954325368848898
0.08938944541801841
0.08924822079933296
0.0890771009154239
0.08904625197588387
0.08896403393502962
0.08892706693229029
0.08874841463767875
0.08873697054588188
0.08850037849555581
0.0882781077239473
0.08808423705020194
0.08789623389809818
0.0877513158119331
0.08768893096406581
0.08739719552508855
0.08725789441900739
0.08724784851074219
0.08709730536250745
0.08699640985262597
0.08670545028427899
0.08664346145371259
0.08651519225815595
0.08640512369446836
0.08632985616134385
0.086168660955914
0.08598822254245564
0.08581093610343286
0.08583339594178281
0.08554388304888191
0.08542645987817797
0.0852938506562831
0.08503712637949798
0.08487317521693342
0.08471428337743726
0.08462001509585623
0.08439837471913483
0.08422935615151615
0.08420982199200129
0.08419780407921743
0.0841964463056144
0.08389570753453142
0.08384786217899645
0.08350705292265294
0.0835699307716499
0.08339336362935729
0.08320514226363877
0.08306702112747451
0.08309842772403006
0.08298156221034163
0.08281484700865664
0.08282535359010858
0.08278652773065082
0.08238191119695114
0.08224793611946753
0.0822280867625091
0.08213631581451933
0.08205125291468733
0.08184063636650474
0.08174487291756323
0.08162660113835739
0.0814172130520061
0.08133832478927354
0.08123315390893969
0.08102185039196984
0.08084148471638308
0.08072555671303959
0.08063810962741658
0.08052848557294426
0.08033330561751026
0.08029098834021617
0.0800853664592161
0.08014267582004353
0.0800420955076056
0.07993299678220588
0.07988616167488745
0.07969049680030953
0.07955277976343188
0.07942066354266668
0.07932300890906382
0.07917130195488364
0.07898368673809504
0.07891528081085722
0.0787416878393141
0.0787160841085143
0.07855319168608067
0.07846580925634351
0.07833415370876506
0.0781950061604128
0.07807527962377515
0.0778879472764872
0.0777927899764756
0.07768058776855469
0.07756453045343949
0.07733345031738281
0.07733655379990399
0.07718779677051608
0.07715457172717079
0.07696751416739771
0.07682922330953307
0.07666782605445992
0.07663860159405207
0.07655404785932121
0.07641683190555895
0.07637546022059553
0.07624774060006868
0.07618944523698193
0.07607015512757383
0.07595468779741707
0.07592032319408352
0.07583412073426328
0.07565137895487123
0.07570092960939569
0.07556208917650126
0.07536414518194684
0.07544168375306211
0.07534461102243196
0.07519831899869239
0.075056730690649
0.07499465295823954
0.07493078910698325
0.07475180545095671
0.0747215626603466
0.07457604650723731
0.07454179505170402
0.07453204009492519
0.07441990254289013
0.07421965518240202
0.07428583856356347
0.07423809827384302
0.07418815968400341
0.07407702429819915
0.0739098888332561
0.07369172371039956
0.07362462706485037
0.07359368922346729
0.07337690612017098
0.0734282024836136
0.07330949427717823
0.07322796320511123
0.07308770842471365
0.07303726066977291
0.07293541148557502
0.07273280418525307
0.072715872425144
0.0725627834514036
0.07258813664064569
0.07258258431644762
0.07240807808051675
0.07234307466927221
0.07237487728312864
0.07204007294218419
0.07207869675199864
0.07196093413789394
0.07189477500268969
0.07169648348274878
0.07162045624296544
0.07145553524211301
0.07140702716374801
0.07120536545575676
0.07112834413172835
0.07103771274372683
0.07089421708705061
0.07084558777889963
0.07072505304368876
0.0706404750630007
0.07056734117410951
0.07048018503997286
0.07024780370421328
0.07024320505433164
0.07012960466287904
0.07005630105228747
0.0699413267232604
0.06990113500821388
0.06981301711777509
0.06964608370247534
0.06966673317602125
0.06954020160739705
0.06946594432248908
0.06949862787279032
0.06921722929356462
0.06915237135806326
0.06897534354258392
0.0688584295369811
0.0687518443091441
0.06869899620444088
0.06863602137161513
0.06850447897183692
0.0682649127507614
0.0683731062937591
0.06820514646627135
0.06816047733112918
0.06797631312224825
0.06802360890275341
0.06781791428388176
0.06780819973703157
0.06770056789204226
0.06759025282778983
0.06765007972717285
0.06748760352700443
0.06740572897054381
0.06727577063996913
0.06715861821578721
0.06726019261247021
0.06698613247628939
0.06704832739749197
0.06690460948620812
0.06673792661246607
0.06668202351715605
0.0665498668864622
0.06651636301460913
0.0662651870210292
0.06633949279785156
0.06608526585465771
0.06612214799654687
0.06599235130568683
0.06601743374840688
0.06602193541445975
0.06576819339040983
0.06583467580504336
0.06562140432454772
0.06563402434526863
0.06538445262585656
0.06552230301549879
0.06543612076064288
0.06527149879326255
0.06526573229644259
0.06512776067701437
0.06501868619757184
0.06488093683275126
0.0648588002738306
0.06470857232303942
0.0645761732327736
0.06452393531799316
0.06460066973152807
0.06445408271530927
0.06427491721460375
0.06430404065018994
0.06411853887267031
0.06413030624389648
0.06387212720967955
0.06382819353523901
0.0639270362207445
0.06371316667330468
0.0636224100145243
0.06360642384674589
0.06345818406444485
0.06337432538048696
0.06324373665502515
0.06325931064153122
0.06316648095341051
0.06312206235982604
0.06318878723403155
0.06301175941855221
0.0629067016860186
0.06288312653363762
0.06282653646954035
0.06259552098936953
0.06250676058106504
0.062429698847107966
0.06232795876971746
0.062278646533772096
0.06215619636794268
0.06214300656722764
0.061939732503082795
0.06202809689408642
0.06188471842620332
0.06174768431712005
0.06185505753856594
0.06177197068424548
0.0617395538394734
0.06164730201333256
0.061595957157975535
0.06155206793445652
0.06152951111227779
0.06144203978069758
0.06143155340420998
0.06124452817237983
0.06125978696144233
0.06119026976116633
0.06100488113144697
0.06086373329162598
0.06096302048634675
0.06089420237783658
0.060867851063356564
0.06069583812002408
0.06067739098759021
0.06060780104944261
0.06059347572973219
0.06050809763245663
0.06043835009558726
0.060493849091610666
0.060239848444017315
0.060241400185277905
0.060226088863308144
0.06006702326111874
0.06007381212913384
0.060118044837046476
0.05997283984038789
0.05987929893752276
0.05982791771322994
0.05979248628777973
0.05967591172557766
0.059615401898400255
0.0596020585399563
0.05944928072266659
0.059566897861028124
0.05945667573961161
0.05950359570778022
0.05931800502841755
0.05927273378533832
0.05922690892623643
0.05912849862696761
0.05909039206424002
0.059114035913499736
0.0590410030494302
0.05887996544272213
0.05890476905693442
0.05876006110239837
0.05871941679615086
0.05867629940226927
0.05854322950718766
0.05848391581389863
0.05843032416650804
0.05831480026245117
0.05836929305125091
0.05832843457238149
0.05821293491428181
0.05818376298678123
0.058065709421190166
0.05805017584461277
0.05801321692385916
0.05792153487771244
0.05783273405947928
0.05775281534356586
0.057728335008782855
0.05759022599559719
0.0575624037597139
0.057490154848260394
0.0574776277703754
0.05737341056435795
0.057242886494782014
0.05720622660750049
0.0572101867805093
0.057119935245837195
0.056981939380451783
0.05706201569508698
0.056897599818342824
0.05678308616250248
0.05673568935717566
0.05669374789221812
0.05659667920258086
0.05664719969539319
0.05646043308710648
0.056443186129553846
0.056545633380695924
0.05640229936373436
0.05633603920370846
0.056317192012980834
0.05624476125684835
0.05618523743193028
0.0560805231837903
0.05610158887960143
0.05601029476876986
0.05592928498478259
0.055867857852224576
0.05585280515379825
0.05570139319209729
0.05568525346658998
0.05566920668391858
0.0555194676932642
0.055560463565891074
0.05550187321032508
0.055487935825929806
0.05531861418384617
0.05526713193473169
0.05519039348020392
0.05516472913451114
0.05507126501051046
0.055018065339427887
0.05501628730256679
0.05497576826709812
0.05491675360728118
0.05479079990063684
0.054709499165163204
0.05464876304238529
0.05462603649850619
0.05444276939004154
0.05445596727274232
0.05434058480343576
0.054281933832976775
0.05408977654020665
0.05415785110602945
0.05407596846758309
0.05397730762675657
0.05399386761552197
0.05395770072937012
0.053918624328354654
0.053737304978451486
0.05371441275386487
0.053687176461947164
0.05357162022994737
0.05358377553648868
0.05351863877247956
0.05348397917666678
0.05342117002454855
0.05328121831861593
0.05337409649865102
0.05323183738579184
0.05320120665986659
0.053200119632785606
0.05307704311306194
0.053108304233874304
0.05299290964158915
0.052946842322915286
0.05286173497216176
0.052753994020365055
0.05264711380004883
0.05264966366654736
0.05254664259441828
0.052497003038050764
0.05245562327110161
0.05235185057429944
0.05235146667997716
0.0522606009143894
0.052253222061415854
0.052177477691133144
0.05205650652869273
0.05200374732583256
0.05193506661107985
0.05200379985873982
0.051891553199897376
0.05184642743256133
0.05175384424500546
0.051734382823362186
0.05173755904375497
0.05173425755258334
0.05163991249213785
0.05158383563413459
0.05151861805026814
0.051408804069131106
0.051473516528889283
0.051345485751911744
0.051362696340528584
0.05121368472859011
0.05119832895569882
0.051106634786573506
0.051019664538108696
0.05101453651816158
0.05100309242636471
0.0509170637292377
0.05093393487445379
0.05082798408249677
0.05085207648196463
0.05077387518801932
0.050714032124664826
0.05064906508235608
0.05060985532857604
0.05058906442027981
0.05050314887095306
0.050523260892447776
0.05040791883306988
0.0503975496453754
0.05037348149186474
0.050323906591383076
0.05031269283617957
0.05029922420695677
0.050144834033513476
0.050146397897752666
0.05009850809129618
0.05003365015579482
0.049855854551670915
0.0499287742679402
0.04980573411715233
0.049817481283414164
0.049778037152047885
0.049650693343857584
0.049582453097327284
0.0495130288398872
0.049488536382125595
0.049383474608599126
0.04931076502395888
0.049216844267764334
0.04925752494294765
0.04920929973408327
0.04918628223871781
0.049052723383499405
0.04898022797148106
0.049019627651925815
0.048956733638957396
0.04883761325124967
0.04883696669239109
0.048796997231952216
0.048807673535104526
0.048725794937651036
0.04865231352337336
0.04867124961594404
0.04856931152990309
0.04852635577573615
0.04851047871476513
0.04845786902864101
0.04846917168568757
0.04831098297895011
0.048272884498208254
0.04821035417459779
0.04826184046470513
0.048162621966863085
0.048139014486539164
0.048089427463078906
0.04808648157927949
0.047948627148644396
0.047941680681907524
