0.25110000371932983
0.2936999797821045
0.4205000102519989
0.46060001850128174
0.5364999771118164
0.58160001039505
0.6331999897956848
0.6483999490737915
0.6827000379562378
0.7013999819755554
0.7214000225067139
0.7294999957084656
0.7491999864578247
0.7554000020027161
0.766700029373169
0.772599995136261
0.7868000268936157
0.7929999828338623
0.8018999695777893
0.8100999593734741
0.8172000050544739
0.8279000520706177
0.8317999839782715
0.8339999914169312
0.8393999338150024
0.8424999713897705
0.8497999906539917
0.8518999814987183
0.8555999994277954
0.8604999780654907
0.8645000457763672
0.8672000169754028
0.8687000274658203
0.8718999624252319
0.872700035572052
0.8743000030517578
0.8773999810218811
0.8806999921798706
0.8822000026702881
0.8850999474525452
0.8873000144958496
0.8900999426841736
0.8934000730514526
0.8949999809265137
0.895300030708313
0.8982000350952148
0.8988999724388123
0.8998000025749207
0.9021000266075134
0.9035999774932861
0.903700053691864
0.9049000144004822
0.9054999947547913
0.9075000286102295
0.9090999960899353
0.9094999432563782
0.9097000360488892
0.9113999605178833
0.9136999845504761
0.9150999784469604
0.9150000214576721
0.915399968624115
0.9169999957084656
0.9168999791145325
0.9183000326156616
0.91839998960495
0.9196999669075012
0.9182000160217285
0.9210000038146973
0.9214000105857849
0.9214999675750732
0.9228000640869141
0.9243000149726868
0.923799991607666
0.9244999289512634
0.925000011920929
0.9244000315666199
0.9252000451087952
0.9262999296188354
0.9282999634742737
0.9293000102043152
0.9287000298500061
0.9287999868392944
0.9298999905586243
0.9286999702453613
0.9316999912261963
0.9307000041007996
0.9314999580383301
0.9314999580383301
0.9330999851226807
0.9327999949455261
0.9336000680923462
0.9352999925613403
0.9345999956130981
0.9362000226974487
0.9362000226974487
0.9375
0.937999963760376
0.9377999901771545
0.9393999576568604
0.9402000308036804
0.9397000074386597
0.9395999908447266
0.9404000043869019
0.9406000375747681
0.9401999711990356
0.9406999349594116
0.9404000043869019
0.9415000081062317
0.9421000480651855
0.9424999952316284
0.9426000118255615
0.942799985408783
0.9433000087738037
0.9430999755859375
0.9434999823570251
0.9440999627113342
0.9450000524520874
0.9442000389099121
0.944599986076355
0.9448000192642212
0.9449999928474426
0.9447999596595764
0.9455999732017517
0.9458999633789062
0.9455000162124634
0.945900022983551
0.9465000033378601
0.9460999965667725
0.946399986743927
0.9473000168800354
0.9476000070571899
0.9477999806404114
0.9487000107765198
0.9485000371932983
0.9487000107765198
0.9485000371932983
0.9496999979019165
0.9487999677658081
0.9493999481201172
0.9500999450683594
0.950700044631958
0.9513000249862671
0.9513000249862671
0.9508999586105347
0.9514999985694885
0.950499951839447
0.9513000249862671
0.9519999623298645
0.9519000053405762
0.9527000188827515
0.9527999758720398
0.9527000188827515
0.95250004529953
0.9524999856948853
0.9530999660491943
0.953000009059906
0.9532999992370605
0.9538999795913696
0.9541000127792358
0.954800009727478
0.9544999599456787
0.9538999795913696
0.954300045967102
0.9543999433517456
0.9549000263214111
0.9556000232696533
0.9552000164985657
0.9553999900817871
0.9551999568939209
0.9556000232696533
0.9555000066757202
0.9557000398635864
0.9555999636650085
0.9562000036239624
0.9553000330924988
0.956000030040741
0.9556999802589417
0.9571999907493591
0.9575999975204468
0.957800030708313
0.9573000073432922
0.9577000141143799
0.9570000171661377
0.9574999809265137
0.9575999975204468
0.9571999907493591
0.9584000110626221
0.9580000042915344
0.958299994468689
0.9581999778747559
0.958299994468689
0.9588000178337097
0.9587000012397766
0.9589999914169312
0.9593000411987305
0.9591000080108643
0.9591000080108643
0.9594000577926636
0.9600000381469727
0.9593999981880188
0.9595999717712402
0.9598000049591064
0.9589999914169312
0.9598000049591064
0.9602000117301941
0.9598000049591064
0.960099995136261
0.9603999853134155
0.9608999490737915
0.9613000154495239
0.9609000086784363
0.9610000252723694
0.961400032043457
0.9613000154495239
0.9611999988555908
0.9617999792098999
0.961899995803833
0.9616999626159668
0.9611999988555908
0.961400032043457
0.9617999792098999
0.961899995803833
0.9616999626159668
0.9622000455856323
0.9624999761581421
0.9617999792098999
0.9628000259399414
0.9628999829292297
0.9629999399185181
0.9630999565124512
0.9624999761581421
0.9627000093460083
0.9627000093460083
0.9630999565124512
0.9641000032424927
0.9633000493049622
0.9638999700546265
0.9641000032424927
0.9639999866485596
0.9639000296592712
0.9642000198364258
0.9644999504089355
0.9647000432014465
0.9638999700546265
0.9646999835968018
0.9643999934196472
0.9645000696182251
0.9646999835968018
0.964900016784668
0.9646000266075134
0.9648000001907349
0.9652000069618225
0.9656000137329102
0.9658000469207764
0.965399980545044
0.9654000401496887
0.9651000499725342
0.965499997138977
0.9652000069618225
0.9650000333786011
0.9656000137329102
0.9657999277114868
0.9656000137329102
0.9660000205039978
0.9660999774932861
0.965999960899353
0.9658000469207764
0.9660999774932861
0.9666999578475952
0.9663000106811523
0.9662999510765076
0.9664999842643738
0.9664999842643738
0.9668999910354614
0.9668999910354614
0.9668999910354614
0.9667999744415283
0.9663999676704407
0.9668999910354614
0.96670001745224
0.967199981212616
0.9667999744415283
0.9672999382019043
0.9670000076293945
0.9675000309944153
0.9674999713897705
0.9669999480247498
0.9677000045776367
0.9678000211715698
0.9684000611305237
0.9686000347137451
0.9680999517440796
0.9679999947547913
0.968500018119812
0.9678999781608582
0.9675999879837036
0.9678000211715698
0.9682000279426575
0.968000054359436
0.9681999683380127
0.9686999917030334
0.9688000082969666
0.9681999683380127
0.9684999585151672
0.9683000445365906
0.9681000113487244
0.9684999585151672
0.9684999585151672
0.9684000015258789
0.9685999751091003
0.9686000347137451
0.9687000513076782
0.9686999917030334
0.9682000279426575
0.9681999683380127
0.9681999683380127
0.9685999751091003
0.9684999585151672
0.9686999917030334
0.968500018119812
0.9682999849319458
0.9684999585151672
0.968999981880188
0.9690999984741211
0.9684000015258789
0.9688999652862549
0.968999981880188
0.9688000082969666
0.9690999984741211
0.9685999751091003
0.9690999984741211
0.9692000150680542
0.9696999788284302
0.9690999984741211
0.9689000248908997
0.9692000150680542
0.9693000316619873
0.9695999622344971
0.969700038433075
0.9696999788284302
0.9702000617980957
0.969700038433075
0.9702000617980957
0.9706000089645386
0.9703999757766724
0.9699000120162964
0.9699000120162964
0.9701000452041626
0.97079998254776
0.9701000452041626
0.9707000255584717
0.970300018787384
0.9700999855995178
0.970300018787384
0.9703999757766724
0.9706000089645386
0.9707000255584717
0.970300018787384
0.9703999757766724
0.9710000157356262
0.9706000089645386
0.9704999923706055
0.9703999757766724
0.9696999788284302
0.9702000021934509
0.9703999757766724
0.9701000452041626
0.9707000255584717
0.9703999757766724
0.9702999591827393
0.9704000353813171
0.9704000353813171
0.9706999659538269
0.9704999923706055
0.9703999757766724
0.9706000089645386
0.9704999923706055
0.9707000255584717
0.9713000059127808
0.9710000157356262
0.9710999727249146
0.9710999727249146
0.9708999991416931
0.9704999923706055
0.9710000157356262
0.9712000489234924
0.9713000059127808
0.9708999991416931
0.9713000059127808
0.9710000157356262
0.9710000157356262
0.9713000059127808
0.9715999364852905
0.9711999893188477
0.9710999727249146
0.9714000225067139
0.9717000126838684
0.9717999696731567
0.9714999794960022
0.972000002861023
0.972000002861023
0.9722000360488892
0.9722000360488892
0.972599983215332
0.9726999998092651
0.9729999899864197
0.9730000495910645
0.9732999801635742
0.9731000065803528
0.9724999666213989
0.9727999567985535
0.973099946975708
0.9727999567985535
0.972599983215332
0.9730000495910645
0.9729000329971313
0.9727999567985535
0.9729999899864197
0.9731000065803528
0.9731000065803528
0.9726000428199768
0.9729999899864197
0.972599983215332
0.9726999998092651
0.9726999998092651
0.973099946975708
0.973099946975708
0.9731999635696411
0.9728000164031982
0.9731000065803528
0.9728999733924866
0.9731000065803528
0.9729000329971313
0.9726999998092651
0.9729000329971313
0.973099946975708
0.973300039768219
0.9732000231742859
0.9731000065803528
0.9728000164031982
0.9729999899864197
0.973300039768219
0.9729999899864197
0.9728000164031982
0.9732999801635742
0.9729999899864197
0.9729000329971313
0.9732999801635742
0.9735000133514404
0.9735999703407288
0.9733999967575073
0.9733999967575073
0.9732999801635742
0.9730000495910645
0.9731000065803528
0.9729999899864197
0.9732000231742859
0.9730000495910645
0.973099946975708
0.9728000164031982
0.9732000231742859
0.9730000495910645
0.9732999801635742
0.9733999967575073
0.973099946975708
0.9731000065803528
0.9728999733924866
0.9735000133514404
0.9738000631332397
0.973800003528595
0.973800003528595
0.9732999801635742
0.9733999967575073
0.9731999635696411
0.973099946975708
0.9735000133514404
0.9736000299453735
0.9733999967575073
0.9731999635696411
0.9732999801635742
0.9735000133514404
0.9732999801635742
0.9732999801635742
0.9733999967575073
0.9736999869346619
0.9730000495910645
0.9729999899864197
0.9735000133514404
0.9735000133514404
0.9732000231742859
0.9732999801635742
0.9732999801635742
0.9735999703407288
0.9735000133514404
0.9736999869346619
0.9732999801635742
0.9736999869346619
0.9735000133514404
0.9740000367164612
0.9736999273300171
0.9735999703407288
0.9736999869346619
0.9740000367164612
0.973800003528595
0.9736999869346619
0.9736999869346619
0.9738999605178833
0.9738999605178833
0.973800003528595
0.9735999703407288
0.9736999869346619
0.9739999771118164
0.9738999605178833
0.9739999771118164
0.9739999771118164
0.9736999869346619
0.9740999937057495
0.9736999273300171
0.9739000201225281
0.973800003528595
0.9739999771118164
0.9737999439239502
0.9736000299453735
0.9737999439239502
0.9736999273300171
0.9735999703407288
0.9739999771118164
0.9738999605178833
0.9740999937057495
0.9740999937057495
0.9742000102996826
0.9743000268936157
0.9738999605178833
0.9745000004768372
0.9743000268936157
0.9743000268936157
0.9739999771118164
0.9739999771118164
0.9742000102996826
0.9740999937057495
0.9742000102996826
0.974399983882904
0.9743000268936157
0.9744000434875488
0.974399983882904
0.9744000434875488
0.9745000004768372
0.9745999574661255
0.9745000600814819
0.9749000072479248
0.9747999906539917
0.9749000072479248
0.9749000072479248
0.9746000170707703
0.9747000336647034
0.9750000238418579
0.9747999906539917
0.9746999740600586
0.9746000170707703
0.9747999906539917
0.9749000072479248
0.9747999906539917
0.9749000072479248
0.9750999808311462
0.9749000072479248
0.9753000140190125
0.9750999808311462
0.9747999906539917
0.9751999974250793
0.975100040435791
0.9753000140190125
0.9749999642372131
0.9751999974250793
0.9751999974250793
0.9749000072479248
0.9754000306129456
0.9750999808311462
0.9754000306129456
0.9753000140190125
0.9751999974250793
0.9754999876022339
0.9757000207901001
0.975600004196167
0.9750999808311462
0.9755000472068787
0.9757000207901001
0.9758000373840332
0.9754000306129456
0.9753999710083008
0.975600004196167
0.9753000140190125
0.9755000472068787
0.9754999876022339
0.9754999876022339
0.975600004196167
0.9757999777793884
0.9754999876022339
0.9754999876022339
0.9757000207901001
0.9757000207901001
0.9754999876022339
0.9757000207901001
0.9757000207901001
0.9758000373840332
0.9759000539779663
0.975600004196167
0.975600004196167
0.9754000306129456
0.975600004196167
0.9757999777793884
0.975600004196167
0.9758999943733215
0.9759000539779663
0.976099967956543
0.9758000373840332
0.9762000441551208
0.9758999943733215
0.9759999513626099
0.9758999943733215
0.9760000109672546
0.976099967956543
0.9762000441551208
0.9761000275611877
0.9760000109672546
0.9761999845504761
0.9761000275611877
0.9760000109672546
0.9758999943733215
0.9758999943733215
0.9756999611854553
0.9758999943733215
0.9763000011444092
0.9761000275611877
0.9763000011444092
0.9761000275611877
0.9763000011444092
0.9756999611854553
0.9758999943733215
0.9758999943733215
0.9759999513626099
0.9754000306129456
0.9759000539779663
0.9757999777793884
0.975600004196167
0.9757000207901001
0.9756999611854553
0.9760000109672546
0.9758000373840332
0.9761999845504761
0.9760000109672546
0.9762000441551208
0.9763000011444092
0.9761999845504761
0.9756999611854553
0.9758999943733215
0.9761000275611877
0.9757000207901001
0.9758000373840332
0.976099967956543
0.9759999513626099
0.9765000343322754
0.9758999943733215
0.9760000109672546
0.975600004196167
0.976099967956543
0.9762000441551208
0.9761000275611877
0.9757999777793884
0.9762000441551208
0.9757999777793884
0.9765000343322754
0.9763000011444092
0.9763000011444092
0.9765999913215637
0.9761999845504761
0.9765999913215637
0.9764000177383423
0.9764000177383423
0.9767000079154968
0.9768000245094299
0.9767999649047852
0.9767999649047852
0.976699948310852
0.976699948310852
0.9764999747276306
0.9767999649047852
0.976900041103363
0.9768999814987183
0.9768999814987183
0.9769999980926514
0.9769999980926514
0.976900041103363
0.9769999980926514
0.9769999980926514
0.9772999882698059
0.9771999716758728
0.9772999882698059
0.977400004863739
0.9771999716758728
0.9774999618530273
0.9776000380516052
0.9772999882698059
0.977400004863739
0.9775000214576721
0.9775000214576721
0.9772999882698059
0.9774999618530273
0.9775000214576721
0.9775000214576721
0.9773999452590942
0.9776000380516052
0.9775000214576721
0.9774999618530273
0.977400004863739
0.9773999452590942
0.977400004863739
0.9775999784469604
0.9772999882698059
0.9775000214576721
0.9774999618530273
0.9774999618530273
0.9773000478744507
0.9774999618530273
0.9778000116348267
0.9776999950408936
0.9776999950408936
0.977899968624115
0.9778000116348267
0.9776999950408936
0.9775999784469604
0.9777999520301819
0.977899968624115
0.9777999520301819
0.9781000018119812
0.977899968624115
0.9778000116348267
0.9781000018119812
0.977899968624115
0.977899968624115
0.9781000018119812
0.9782000184059143
0.9781000018119812
0.977899968624115
0.977899968624115
0.9783000349998474
0.9783000349998474
0.9781000018119812
0.9780999422073364
0.9782000184059143
0.9783999919891357
0.9783999919891357
0.978600025177002
0.9785000085830688
0.9784000515937805
0.9783999919891357
0.9783999919891357
0.9783999919891357
0.9782999753952026
0.9785000085830688
0.9782000184059143
0.9781000018119812
0.9782000184059143
0.9782000184059143
0.9784000515937805
0.9781000018119812
0.9782999753952026
0.9782999753952026
0.9782999753952026
0.9781999588012695
0.9783000349998474
0.9782999753952026
0.978600025177002
0.9786999821662903
0.9783999919891357
0.9784000515937805
0.9783000349998474
0.9783999919891357
0.978600025177002
0.9785000085830688
0.9785000085830688
0.978600025177002
0.9782000184059143
0.9782000184059143
0.9783999919891357
0.9787999987602234
0.9785999655723572
0.9785999655723572
0.9784999489784241
0.9785999655723572
0.978600025177002
0.9783999919891357
0.978600025177002
0.9787999391555786
0.9787000417709351
0.9786999821662903
0.9787999987602234
0.9787999391555786
0.9789000153541565
0.9788999557495117
0.9786999821662903
0.9787999391555786
0.9788999557495117
0.9787000417709351
0.9789999723434448
0.9786999821662903
0.9783999919891357
0.9788999557495117
0.9785000085830688
0.9789000153541565
0.9787999987602234
0.9785999655723572
0.9788999557495117
0.9785000085830688
0.9786999821662903
0.9786999821662903
0.9789000153541565
0.9787999987602234
0.9787999987602234
0.9787999987602234
0.9791000485420227
0.9791000485420227
0.9792000651359558
0.9785999655723572
0.9787999987602234
0.9793000221252441
0.9791000485420227
0.9790000319480896
0.9791000485420227
0.9790000319480896
0.9791000485420227
0.9791000485420227
0.9791000485420227
0.9793000221252441
0.9789999723434448
0.9789999723434448
0.9789999723434448
0.9790000319480896
0.9793000221252441
0.9793000221252441
0.9795000553131104
0.9793000221252441
0.9790999889373779
0.9793000221252441
0.979200005531311
0.9793000221252441
0.9793999791145325
0.9795999526977539
0.979200005531311
0.9796000123023987
0.9793000221252441
0.9797000288963318
0.9795000553131104
0.9793999791145325
0.9793999195098877
0.9792999625205994
0.9794999957084656
0.9796000123023987
0.9796000123023987
0.9793000221252441
0.9793999791145325
0.9794000387191772
0.9796000123023987
0.9792999625205994
0.9792999625205994
0.9793999791145325
0.9793999791145325
0.9793000221252441
0.9793999791145325
0.9793999791145325
0.979200005531311
0.9793999791145325
0.9793999791145325
0.9796000123023987
0.9794999957084656
0.9794999957084656
0.9797000288963318
0.9793999791145325
0.9793999791145325
0.9793999791145325
0.9795999526977539
0.9798000454902649
0.979699969291687
0.9796000123023987
0.9792999625205994
0.979699969291687
0.9793999791145325
0.9793999791145325
0.9797999858856201
0.9794999957084656
0.9794999957084656
0.9797000288963318
0.9797000288963318
0.9802000522613525
0.9797999858856201
0.9797000288963318
0.9801000356674194
0.9800000190734863
0.9801000356674194
0.9800000190734863
0.9800000190734863
0.979900062084198
0.9797000288963318
0.9797000288963318
0.9799000024795532
0.9800000190734863
0.9801000356674194
0.9800000190734863
0.9797000288963318
0.9798000454902649
0.9799000024795532
0.9804999828338623
0.9800000190734863
0.9801999926567078
0.9800000190734863
0.9803000092506409
0.9802000522613525
0.9801999926567078
0.9801999926567078
0.9804999828338623
0.9802000522613525
0.9805999994277954
0.9803000092506409
0.9803000688552856
0.9801999926567078
0.9805999994277954
0.9800000190734863
0.9800000190734863
0.9802000522613525
0.9803999662399292
0.980400025844574
0.980400025844574
0.9803000092506409
0.9803999662399292
0.980400025844574
0.9803000092506409
0.9803000688552856
0.9803000092506409
0.9803999662399292
0.9802000522613525
0.9804999828338623
0.9801999926567078
0.9802999496459961
0.9803999662399292
0.9801999926567078
0.9802999496459961
0.9800999760627747
0.9801999926567078
0.9802000522613525
0.9803000092506409
0.9803999662399292
0.9803999662399292
0.9804999828338623
0.9804999828338623
0.9804999828338623
0.9806999564170837
0.9805999994277954
0.9805999994277954
0.9805999994277954
0.9804999828338623
0.9803999662399292
0.9806999564170837
0.9800999760627747
0.9800999760627747
0.9800999760627747
0.9803999662399292
0.9804999828338623
0.9805999994277954
0.9806999564170837
0.9805999994277954
0.9807000160217285
0.9805999994277954
0.9803999662399292
0.9805999994277954
0.9803999662399292
0.9806999564170837
0.9804999828338623
0.9805999994277954
0.9803000092506409
0.9804999828338623
0.9802999496459961
0.9801000356674194
0.9803999662399292
0.9803999662399292
0.9804999828338623
0.9805999398231506
0.9805999398231506
0.9805999994277954
0.98089998960495
0.9805999398231506
0.9806999564170837
0.9804999828338623
0.9810000061988831
0.9803999662399292
0.9804999828338623
0.9804999828338623
0.98089998960495
0.9808000326156616
0.9808000326156616
0.9807000160217285
