2.2582335391287076
2.062540086649232
1.9020712900969943
1.7542400036827992
1.6774773031978283
1.5906387587725106
1.4707825224278337
1.4058387885659427
1.3863199524960275
1.3528889801542638
1.282981743246822
1.2272953098103152
1.1841069884219413
1.163013910843154
1.1449508666992188
1.116811719991393
1.0727100695593883
1.0441965652724443
1.0156745910644531
0.999545857057733
0.9737048391568459
0.9460135637703588
0.9016741736460541
0.8844788761462196
0.8629046941207628
0.8381720074152542
0.8252193644895391
0.8118964373055151
0.788138308767545
0.7727142592607918
0.7317939370365466
0.7162100581799523
0.7069464214777542
0.6918759103548728
0.6813280784477622
0.6674663091109971
0.6556958990581965
0.6473542552883342
0.6380995410983845
0.6323415465274099
0.6180912599725238
0.6096075672214314
0.5883644879874537
0.5773054219908633
0.5686931933386851
0.5604876502085541
0.5554366030935514
0.5480856168068061
0.5438341043763242
0.5360574237370895
0.5290925947286315
0.5227809194791115
0.5156695155774133
0.5129939903647213
0.5065233909477622
0.5014105651338222
0.49721249079300184
0.48808864011602887
0.47924083774372683
0.47386166200799457
0.4677262063753807
0.46361755112470204
0.45335216845496223
0.4453883736820544
0.44015173184669626
0.4340236469850702
0.42838642960887846
0.42612638311871026
0.42104927968170686
0.4166409767280191
0.41178654816191074
0.4091537604897709
0.40278855016676046
0.39766156471381753
0.39489345227257683
0.39168257632498016
0.3881649728548729
0.38548602088023043
0.3787634898040254
0.37434830099849375
0.37222865476446637
0.36694064382779396
0.3637538198697365
0.3605030512405654
0.3569680230092194
0.3545298495535123
0.35088244939254504
0.3485217660160388
0.34668932122699286
0.34616282834845075
0.34297665094925184
0.3400004758673199
0.3371704230874272
0.33398880392818125
0.331793930570958
0.32954736483299124
0.32667192362122616
0.3230619915461136
0.3209983696371822
0.31954141390525687
0.31722447023553363
0.3146888280318955
0.3106734065686242
0.30959155195850435
0.30817154706534694
0.30599445407673465
0.30313504752466236
0.300460136542886
0.29777465432377187
0.295221134767694
0.29216889203605007
0.2900604312702761
0.2889667123051013
0.28773485603979077
0.2851076287738347
0.28328860008110435
0.28186555636131155
0.28009527820651814
0.2788537882142148
0.2778473870228913
0.27662154375496556
0.27583487559173064
0.2743508936995167
0.2724826618776483
0.2706689996234441
0.26864640187408967
0.26733781523623706
0.2659842927577132
0.26501784890385
0.2644051697294591
0.26351065554861297
0.26155129125562765
0.2594799268043647
0.2585517107430151
0.25792847649525785
0.2560576422739837
0.25460718445858715
0.2536501157081733
0.25212454391738115
0.2512575084880247
0.2500613584356793
0.24876652733754304
0.24754175089173397
0.2466549954171908
0.24623360068111097
0.24524375139656712
0.24333098783331403
0.24207126488119868
0.24063815100718353
0.23937094413628013
0.23826411619024762
0.23743315874519993
0.2365305464146501
0.23541389077396715
0.23423000917596332
0.2331184936782061
0.2324768001750364
0.2311866404646534
0.2300538370164774
0.22963182804948193
0.22864445185257218
0.22793950872906185
0.2270109208963685
0.22635434037548
0.2256910194784908
0.22517918732206701
0.22401812925177106
0.22365780199988414
0.22273538880429025
0.22191461466126522
0.22142761036501094
0.22048830581923662
0.21907410379183495
0.21814181440967625
0.21783733367919922
0.21646074521339545
0.21574395389880163
0.2152566424870895
0.21465288582494704
0.2139400223554191
0.2132373421879138
0.21213799816066936
0.211296194690769
0.21046809826867055
0.2100211482937053
0.20959643994347524
0.20879047199831172
0.20817727557683396
0.20763707565048994
0.20704631482140493
0.20595322625111726
0.2053597983667406
0.2038697549852274
0.20278159642623642
0.20227791091143074
0.20140938839669956
0.20032000137587724
0.19980456465381688
0.19890044907392082
0.1983570163532839
0.19727647102485268
0.19532756482140493
0.19472426075046345
0.19428143258822167
0.1933708999116542
0.192519462714761
0.19223727210093353
0.1916335800946769
0.19078744468042405
0.1904514118776483
0.1897864907474841
0.18845516140178098
0.18773263187731726
0.1870814986148123
0.18616026538913533
0.18598522574214613
0.18519728062516552
0.18483092421192235
0.18364954802949549
0.18292394735045353
0.18231091256869042
0.18216993040957694
0.18127378366761288
0.18029793238235733
0.17961243451651882
0.17891762620311671
0.17865096916586665
0.17835012532896916
0.17721722489696437
0.1767749786376953
0.17601260492357157
0.1757343906467244
0.17483685380321437
0.17421138892739507
0.17357275041483217
0.1727678977836997
0.1721941091246524
0.17168854858915686
0.17100436000500696
0.17048305576130496
0.16995774285267976
0.16959919363765394
0.1691300505298679
0.1682298304670948
0.1676901316238662
0.16743100699731858
0.16694898120427537
0.16670972209865764
0.16597857717740333
0.16511551808502714
0.1645043583239539
0.1641864776611328
0.16370930105952894
0.16311858872235832
0.1625632269907806
0.16178072913218353
0.1612132444220074
0.16102533825373244
0.16069124512753244
0.15977747965667208
0.15956309690313825
0.1590541096056922
0.15812201419119107
0.1574335906465175
0.15684645054704052
0.15641291666839083
0.15587270057807534
0.15555549880205574
0.1552271600496971
0.15466327990515757
0.15448961419574284
0.1543075755491095
0.154115369764425
0.15361688904843088
0.15307248648950608
0.15257259950799457
0.1520704172425351
0.15176365739208156
0.1511936026104426
0.15120923317084878
0.15065054166114936
0.15053149401131322
0.15003640772932667
0.14999358936891719
0.14956239926612983
0.14876777842893438
0.14842112589690645
0.1479435290320445
0.1478487435033766
0.14767477067850404
0.14706960775084416
0.14666208170228084
0.1463304131718005
0.14558981232723947
0.14545518260891155
0.14508153624453787
0.14464173074495995
0.14433608620853747
0.14388844118279925
0.14343698145979542
0.14321023326809124
0.14230089672541213
0.14176585310596532
0.14132496462029925
0.14076101981987388
0.1402015847674871
0.13989532600014898
0.13968538833876787
0.13928507142147775
0.13911224623857918
0.13879019527112024
0.13869025343555516
0.1381315780898272
0.137599201525672
0.13724713406320346
0.13713067264880163
0.13680768417099776
0.136490547050864
0.13619225712145788
0.13576908434851695
0.13525513471183132
0.13521746457633327
0.13513169854374255
0.13490335820084912
0.13453627440889002
0.13412949998499984
0.13396794109021204
0.13395281969490697
0.13338834148342327
0.1334369061356884
0.13327731116343353
0.13254669965323757
0.1324581857454979
0.13201212478896318
0.13149212174496408
0.13125348495224776
0.13081607172044657
0.13061289059913764
0.1303551075822216
0.12993756795333603
0.12970052331180895
0.12949339009947697
0.12923299660116938
0.12889790939072432
0.12884877899945793
0.12840039851301807
0.1278707617420261
0.12745131476450774
0.12726891242851646
0.1268389507875604
0.1267829507084216
0.12649730100470075
0.12610779778432038
0.12573944512060134
0.12534025968131374
0.12533853013636703
0.1251077167058395
0.12484099501270358
0.12455340563240698
0.1243142839205467
0.12431746014093949
0.12411608938443458
0.12372067823248395
0.12356257034560382
0.12333672733630165
0.12302805205522957
0.12271111698473915
0.12242179805949582
0.12232268058647544
0.12202579692258674
0.12186325202553959
0.12139678405503095
0.12128087221565893
0.12112307144423663
0.12078024169146004
0.12068457522634733
0.12008782564583471
0.11980958712303032
0.11951132952156714
0.11931841252213818
0.11924358949822894
0.11901364892216051
0.11882376266738116
0.11845451290324582
0.11827742851386636
0.1181365999124818
0.11785424765893969
0.11750298839504436
0.11713610665272858
0.11698583829200875
0.11685347152968585
0.11662113060385494
0.11638137849710756
0.11647803904646534
0.11615581835730601
0.11577133405006539
0.11537472676422636
0.11525865328513969
0.11490008790614241
0.11484139652575477
0.11451915159063825
0.11435953237242617
0.11416090949107024
0.11389133485697084
0.11384420071618032
0.11352960133956651
0.11323899737859176
0.11276252390974659
0.11272052182989606
0.11229259684934455
0.11201995914265261
0.11171754740052305
0.11145682254080046
0.11110459343861726
0.11097816693580757
0.11085966077901549
0.11068442716436871
0.11024866265765691
0.11018402293577033
0.10996585781291379
0.10999742604918399
0.1097157526824434
0.10957465737552965
0.10933983528007896
0.1092027163101455
0.10932692834886454
0.10915190486584679
0.10885364726438361
0.10872093297667422
0.10850545915506654
0.10810679904485153
0.10782285464012016
0.10762330233040503
0.10730955964427884
0.1069348707037457
0.10672319541543217
0.10658518742706816
0.1064205331317449
0.10623181876489672
0.10593780420594297
0.10566603127172437
0.10564762050822629
0.10542852595701056
0.10514115479032872
0.1049008935184802
0.10498487343222408
0.10476480096073473
0.10435436539730783
0.10414875968027923
0.10396481368501308
0.10399031234999835
0.10357004100993528
0.10332382331460209
0.1031051651906159
0.10295031434398587
0.10283146874379304
0.10249146768602274
0.10226506701970504
0.10211970442432468
0.10185868053113
0.1016833418506687
0.10144208649457512
0.10148832353494935
0.10107264276278222
0.10085417860645358
0.10076638399544409
0.10066144749269647
0.10047896433684786
0.10030277704788466
0.10019263574632548
0.09994502794944633
0.09967044248419293
0.099474325018414
0.09937900607868777
0.09925320188877947
0.09917559866177833
0.09903735629582809
0.09909235420873609
0.09867428925077794
0.09874870817540056
0.09851139682834431
0.09813785552978516
0.09817626112598483
0.09808651875641386
0.09784842345674159
0.09775854369341316
0.09745747356091515
0.0972997374453787
0.09699058532714844
0.09674479597705905
0.09664818391961566
0.09655551587120961
0.09638327259128376
0.0963497323504949
0.09630436008259402
0.09615227327508441
0.09615608797235004
0.09590982178510246
0.09567733538352836
0.09568376056218551
0.09545748920763954
0.09534680641303628
0.09503110788636289
0.09493703357243942
0.09470886295124636
0.09455660642203638
0.09454365908089331
0.09439245320982852
0.09416559995230982
0.09388239909026583
0.09395664021120233
0.09370602591563079
0.09348741628355899
0.09341852543717724
0.09316079091217558
0.09323893563222077
0.09298386008052503
0.09283869145280224
0.09280364796266717
0.09261396375753111
0.09225447703216036
0.0922046030982066
0.0921561677577132
0.09188011945304224
0.09203957703153966
0.09181515645172636
0.0914524369320627
0.09117234763452563
0.09107383631043516
0.09087337073633227
0.0906970137256687
0.09052842350329383
0.09042669554888191
0.09019369998220671
0.09008622573593915
0.09008351018873312
0.08990184331344346
0.08972070984921213
0.08959872035656945
0.08950370045031532
0.08934610172853631
0.08923528154017561
0.08898611392005015
0.0887952012530828
0.08877683089951337
0.08851908021054025
0.088367405584303
0.08823432760723567
0.0881405280808271
0.08807649450787043
0.08786825406349312
0.08786099644030555
0.08769106460829913
0.08755902920739125
0.08757097438230353
0.08751802929377152
0.08727492316294524
0.08699261940131753
0.08697205074762894
0.08694268081147792
0.08678177655753443
0.08643801737639864
0.08641800637972558
0.08633582874879998
0.08621952089212709
0.08596151966159626
0.08580314506918697
0.08580294301954366
0.08563023906643108
0.08544731140136719
0.08538558119434421
0.08513516894841598
0.08518304663189387
0.08492789026034081
0.0850024061687922
0.08469466839806508
0.08460066682201321
0.08462386212106478
0.08444643828828456
0.0844809726133185
0.08440702244386834
0.08431770841954118
0.0841398966514458
0.08399087291652874
0.08409053188259319
0.08384890475515593
0.0838132470341052
0.08362091193764896
0.08358289427676444
0.08341927447561491
0.08327981981180482
0.08318142971750032
0.0830825547040519
0.08277728193897312
0.08283810696359407
0.082708673962092
0.0826671568013854
0.08259733652664443
0.08239148026805813
0.08230251376911746
0.0823196879887985
0.08226005101608018
0.08211793737896418
0.08200964685213769
0.08188175750991046
0.08196962485879154
0.08170117362070892
0.08157117488020557
0.08153129028061688
0.0814651230634269
0.08130327321715274
0.08115466974549375
0.08104125523971299
0.08095002578476727
0.08093433056847524
0.08080148696899414
0.08067927926273669
0.08046400749077232
0.0802251524844412
0.08019922547421213
0.08018959174721928
0.07985447220883127
0.07978574300216416
0.07971977783461749
0.07957364745059256
0.07946163112834348
0.07938354298219842
0.07930943117303363
0.07916742260173215
0.07910860999155853
0.07905780662924557
0.07890617241293697
0.07881382764396021
0.07874998803866112
0.0784864264019465
0.07843036974890757
0.07839512420912921
0.07842816336680267
0.07832889233605336
0.0782985848895574
0.07814910048145358
0.0778857732223252
0.07794043977381819
0.07779165849847308
0.07769885305630958
0.07768102419578422
0.07746947013725669
0.07726193282563808
0.07720683792890129
0.0770863274396476
0.07693078962423033
0.07685853667178397
0.07665647894649183
0.07660924782187252
0.07655243954416048
0.07652149362079168
0.07643181590710656
0.07632023601208703
0.07627350597058312
0.07614321627859343
0.07606818312305515
0.0759490304074045
0.0758599588426493
0.07569543385909776
0.07579381587141651
0.07573612665725966
0.07561352293370134
0.07554031630693855
0.0753221915940107
0.07532669326006355
0.0751807810896534
0.07509437658018984
0.07503402839272709
0.07487756114895061
0.07473990876795882
0.07458188978292174
0.07444505368248891
0.07439519591250662
0.07437229964692714
0.07420864751783468
0.07415182307615119
0.0740513559115135
0.0740219374834481
0.07394380084538864
0.07386235059317896
0.0736021348985575
0.07348886586851992
0.073330782227597
0.07317897020760229
0.07311989089189949
0.07298122018070544
0.0729694851374222
0.07295538207231941
0.07290689015792588
0.07285929534394862
0.07282118069923531
0.0725592273776814
0.07259112697536663
0.07241194126969677
0.07230842719643803
0.07239066948324947
0.07210162534552106
0.07192452479217012
0.07180227667598402
0.07175283108727407
0.0718446666911497
0.07170470286223848
0.07161324711169227
0.07147826178599212
0.07141460806636488
0.07133721497099278
0.07124967090154098
0.07111205084849212
0.07104927806530968
0.07083479832794706
0.0707719932168217
0.07078463344250695
0.07052733534473483
0.07043537851107323
0.07042846033128641
0.07041399357682568
0.07019558599439718
0.07000062425257796
0.07008490319979394
0.06992803185673083
0.06976522833614027
0.06968592789213536
0.06954761278831352
0.06957459853867352
0.0694364369925806
0.06923940626241393
0.06917070938368976
0.0691518541109764
0.06896813441131075
0.0688866195032152
0.06890330072176659
0.06873367600521799
0.06869188405699649
0.06856599904723086
0.06843473143496756
0.06833509671486031
0.06833706871937897
0.068186743784759
0.06806140835002317
0.06789986561920683
0.06787193427651615
0.0677155963445114
0.06766752469337593
0.06757302607520152
0.0675086166899083
0.0673264527724961
0.06742390939744852
0.06734582529229632
0.06731911028845836
0.06713706355983928
0.06700610710402667
0.06694645396733688
0.066896010253389
0.06682871964018224
0.06682426646604377
0.06668477139230501
0.06663918091078937
0.06652819100072828
0.06652518450203589
0.06646548691442457
0.06636748071444237
0.0661730847116244
0.06603241774995448
0.06598412788520425
0.0658772759518381
0.06582020905058263
0.06575511269650217
0.0656396009154239
0.06563130071607687
0.0655069108736717
0.06543410026420982
0.0654409739930751
0.06535536555920617
0.06521823042530124
0.0651362871719619
0.06505857887914625
0.06497163287663864
0.06486133801735054
0.0647923259411828
0.06478650691145557
0.06459947763863257
0.06460440764992924
0.0645251961077674
0.06447693452996722
0.06440993890923968
0.06433502294249453
0.06423486693430755
0.06420902478492867
0.06402198338912705
0.06406847097105899
0.0639919143612102
0.06400355646165751
0.06389717328346382
0.06383377010539426
0.0638346025499247
0.06372171337321653
0.06361024662599725
0.06351912223686607
0.06347110715963072
0.06335252826496707
0.0633072368169235
0.06340064840801692
0.06322870416156316
0.06310902611683991
0.06298124184042721
0.06295237298739159
0.06281490245107878
0.06276951401920641
0.0626465991391974
0.06272787966970671
0.06257040621870655
0.06257942975577661
0.06253080044762563
0.06250934277550649
0.062308392282259664
0.06222897869045452
0.062195284891936736
0.06212643041449078
0.06201869350368694
0.06200527740737139
0.061865107487824006
0.06199009943816621
0.06184385590634103
0.06174425351417671
0.0617317991741633
0.0615421675019345
0.061476250826302224
0.06146202653141345
0.061422497539196985
0.061415429842674125
0.0613441022775941
0.06119267011092881
0.06111732983993272
0.061067362963143045
0.060904624098438324
0.06080955165927693
0.0607897871631687
0.060731334201360156
0.06062765848838677
0.060529260312096544
0.0604928671303442
0.06039992429442325
0.06027756303043689
0.060239274623030324
0.0601244013188249
0.06012326175883665
0.06002936928959216
0.05994155851461119
0.05981216592303777
0.05985094329058114
0.059710130853168036
0.05966708619715804
0.059591325662903864
0.05947441973928678
0.05943243382340771
0.059407468569480766
0.05923564555281299
0.05919528411606611
0.059061139316882116
0.059082653562901384
0.05901820376767951
0.05900621818283857
0.05887447373341706
0.05880679518489514
0.05879524198629088
0.05868393687878625
0.058700262489965405
0.0585557282981226
0.058427527799444684
0.05839216102988033
0.058388524136300815
0.05827496011378402
0.05823251756571107
0.05812835693359375
0.058042449466252734
0.0581074852054402
0.05803627078816042
0.05787893877191059
0.057825848207635394
0.057762299553822664
0.05769411184019962
0.05756168042199086
0.057501833317643504
0.05746592101404222
0.057370836451902225
0.057153055223367985
0.057222802760237355
0.05712636042449434
0.057029772613008144
0.05699598991264731
0.056899111149674754
0.05683309749021369
0.05682466797909494
0.056742110494839945
0.05668945635779429
0.05660164962380619
0.056588427495148225
0.056535300561937236
0.05655604297831907
0.056459184420310844
0.056447453418020474
0.05629429574740135
0.05623370510036663
0.0561263116739564
0.056070202488010215
0.05596161292771162
0.055901705208471264
0.05587967371536513
0.05574587644156763
0.05570222563662772
0.0558386738017454
0.05561589790602862
0.0555822808863753
0.055443965782553464
0.05537952002832445
0.055252301490913
0.055324021032301045
0.05525873475155588
0.055186716176695745
0.055168895398156115
0.0550584954730535
0.05494246240389549
0.05494894415645276
0.054759643845638986
0.05469978461831303
0.05482710013955326
0.05472422858416024
0.05460273209264723
0.05457394001847607
0.054477558297626044
0.05435220669891875
0.054295002403905834
0.0542315143649861
0.05416832940053132
0.05412608082011595
0.05409855761770475
0.05408810761015294
0.054025177228248726
0.053918337417861166
0.05387561604128045
0.05382170111446057
0.05377916562355171
0.053671901508913204
0.053576206756850424
0.0535683470257258
0.05357195159136239
0.05348728470883127
0.05338045298042944
0.053342354499687585
0.05335908016916049
0.05323885254940744
0.05318132901595811
0.05306595462863728
0.05315884493165097
0.05302887851909056
0.052977667016498114
0.052852178024033365
0.05269566228834249
0.05273494073900126
0.052710836216554806
0.05269868899199922
0.05263260259466656
0.05251658164848715
0.05246555603156656
0.05241324941990739
0.052362999673617086
0.05231627771409891
0.05227574655565165
0.05221911204063286
0.05219230409395897
0.0521300121889276
0.052086005776615464
0.052045531192068326
0.05199481269060555
0.05197782031560348
0.051896766080694684
0.051801083451610504
0.05178074513451528
0.051696502556235105
0.05168399164232157
0.05162955138642909
0.05155701556448209
0.051491696955793996
0.05148553444167315
0.051385394597457626
0.051238193350323175
0.051281577449733926
0.05125570297241211
0.05119805012719106
0.051129135034852106
0.05112064490884037
0.051059815843226546
0.0509113133963892
0.05086498341317904
0.05082165184667555
