2.2656322414592163
2.163153050309521
2.0007117319915255
1.7665553981974973
1.5100591627217956
1.3279959468518274
1.199139999131025
1.1174432786844544
1.0394329782259666
0.9689405408956236
0.9127517958818856
0.8711536213503046
0.8200108156365863
0.7848175178139897
0.7554882502151747
0.7288372880321438
0.6985234406034825
0.6723785400390625
0.645715939796577
0.6246905569302834
0.6053312915866658
0.5857736619852357
0.5626003459348516
0.5478214328571901
0.5360108714992717
0.5243258072158038
0.5090890658103814
0.4972505084538864
0.48371253579349843
0.47461577593269993
0.4619225000931045
0.4521709377482786
0.4438456842454813
0.43665029234805347
0.42966626054149565
0.42359507285942466
0.4173500255002814
0.4112606695142843
0.4044355295472226
0.39834433086847854
0.3912807076664294
0.3846959906109309
0.37725309598243845
0.37116076582569185
0.36654753604177703
0.36161629628326936
0.35639759645623675
0.35283929210598186
0.34870768401582364
0.3449468451031184
0.3411621481685315
0.33707996950311175
0.33309820142842955
0.3289160324355303
0.3262572207693326
0.32303738998154463
0.3193692352812169
0.31488981085308526
0.310712232428082
0.30771769507456637
0.3039693024198888
0.3001328161207296
0.29683814614506093
0.29401087356826006
0.2915331953662937
0.28930515353962527
0.2852078777248577
0.28110368373030326
0.27770132937673797
0.2751672712423034
0.27233899649927173
0.27039469702769137
0.2671471450288417
0.2647170373948954
0.26276355678752317
0.2608775122691009
0.25846823999437235
0.25653218414823886
0.25356758246987554
0.2511700129104873
0.24884034819522147
0.24647428221621756
0.24418829255184885
0.24257755279541016
0.2404047755871789
0.2380539683972375
0.23558726553189552
0.23382510169077728
0.2327256283517611
0.23140519352282507
0.22973762124271715
0.22776943142131223
0.22647985361390194
0.22411637387033237
0.22193401142702265
0.22079689219846563
0.21910971302097126
0.2174371945655952
0.21598279274116128
0.2142182689602092
0.2128116478354244
0.21104536218158268
0.20927800970562435
0.20796213311664127
0.20697558128227622
0.20553388433941341
0.2037062079219495
0.20233513137041512
0.20040609068789725
0.1991949243060613
0.19775384159411413
0.19674512895487123
0.19506619340282375
0.19405628462969246
0.1932255534802453
0.1921188063540701
0.19134946596824517
0.19021713127524165
0.18862649949930482
0.18767691466767908
0.18677415686138607
0.18541652873411016
0.18402616856461865
0.18306252107781879
0.18234737848831437
0.1817323070461467
0.18044022382315944
0.17986362263307734
0.17882487733485336
0.17786219968634137
0.17697491080073988
0.17590842812748278
0.17505272364212296
0.17403381153688594
0.173087039236295
0.17218774051989538
0.17115504054699915
0.170129582033319
0.16933231030480336
0.16860797041553563
0.16766829409841763
0.16653254880743512
0.16581760018558825
0.16541141574665652
0.16447565111063295
0.16376682863397113
0.16317778118586135
0.16264223648329912
0.16156545736021916
0.16060580237437103
0.15954825837733383
0.1587100271451271
0.15786877325025656
0.1570442813937947
0.15660937357757052
0.1560516842341019
0.15557882341287904
0.15466292429778536
0.1539923457776086
0.15352192571607687
0.15286107790672174
0.15215737940901417
0.15149834196446305
0.1504955776667191
0.1500396243596481
0.14913015850519729
0.1486501208806442
0.14814575647903702
0.14764257204734674
0.14718947976322497
0.14683556960800948
0.14630256264896715
0.14561769517801576
0.14484896902310646
0.14448272575766352
0.14387232570324915
0.14307434275998906
0.14223766326904297
0.14126971616583356
0.14063175654007218
0.13996706170550846
0.13948049383648373
0.1390166686753095
0.1383495815729691
0.1376821550272279
0.13705903392727092
0.13651282100354212
0.135869721234855
0.13540039224139713
0.13502007823879436
0.13424273668709447
0.13381090002544857
0.13306858579991226
0.13241651502706236
0.13210860753463485
0.13176407248286878
0.1311301538499735
0.13058962256221449
0.13014982514462228
0.12952660706083655
0.1289345611960201
0.12819907624842758
0.12770879066596597
0.12719833244711665
0.12663242372415834
0.126196344020003
0.12570386821940793
0.12521436658956236
0.1247555845874851
0.12460016800185382
0.1240151696285959
0.12354874206801593
0.12315543223235567
0.12259441311076535
0.1223409377922446
0.12195556446657342
0.12144685195664227
0.12088690773915436
0.1206543001077943
0.1204428349511098
0.12019549385975983
0.11979956546072233
0.11937467930680615
0.11893925424349511
0.11869942131689039
0.11810913732496359
0.11768087290101133
0.11711143235028801
0.1165454023975437
0.11614389742835093
0.11579740653603764
0.11562783839338917
0.11521947181830972
0.1147513551227117
0.11456070107928777
0.11424178592229293
0.11377859115600586
0.11355343511549093
0.11306287474551444
0.11283334635071836
0.11242998252480717
0.11213361610800533
0.11161039643368478
0.11131171856896352
0.11087022393436755
0.1105689194242833
0.11027282779499636
0.10993335206629866
0.10980832374702065
0.10942480119608217
0.1089341761702198
0.10849881576279462
0.10828170129808329
0.10776005761098054
0.10750570135601496
0.10734388383768373
0.10705731278758938
0.10667004019527113
0.10634410987466068
0.10620649790359755
0.1059635453305002
0.1056873111401574
0.10536464594178281
0.10497319496284097
0.10478853775283038
0.10451531006117999
0.10414573701761537
0.10378876378980734
0.10334515975693524
0.10302904096700377
0.10262902308318575
0.10229252960722325
0.1021891852556649
0.10187325235140526
0.10158426478757697
0.1013962050615731
0.10113300711421644
0.10084738973843849
0.10068706738746773
0.10058611530368611
0.10035447751061391
0.09994059093927933
0.09965020519191936
0.09931333186262745
0.09907720856747385
0.09889586497161348
0.09858934758073193
0.09831236176571603
0.09803850367917853
0.09778515767242948
0.09742946948035289
0.09708735094232074
0.09679170382224907
0.09658600112139168
0.09633671227148023
0.09607475086794061
0.09582555900185795
0.09557617316811771
0.09542287406274828
0.09509594965789278
0.09491402415905968
0.09472822738906085
0.09446648419913599
0.09423189648127152
0.0940572043596688
0.09377540976314222
0.09358915231995664
0.09344674773135428
0.09328097004001423
0.09299473843332064
0.09275158381057998
0.09253414606643935
0.09231006493002682
0.0921165821915966
0.09192590390221547
0.09167406922679837
0.09152523945953886
0.09124734846212096
0.09107167842024463
0.0908703965655828
0.09056707155906547
0.09048756098343154
0.09022127571752515
0.09012172989926096
0.0900228225578696
0.08989081948490465
0.08951672052932998
0.08927267688815876
0.08912094568802138
0.08896116483009468
0.08869513010574599
0.08846067169965324
0.08831116304559222
0.0881722013829118
0.08806438769324351
0.08779621124267578
0.0876767514115673
0.08750671451374636
0.08716759439242089
0.08703751483206022
0.08687581854351496
0.08668939946061474
0.08648209652658236
0.08638299521753344
0.08629152330301576
0.08596338660030042
0.08587248850676973
0.0855720164412159
0.08544254302978516
0.08525466918945312
0.08506121069698011
0.08489928811283434
0.08477748450586352
0.08452130980410819
0.08423486806578555
0.08403748981023239
0.08409003888146352
0.08371396792137016
0.08356805575096
0.08340257709309207
0.08323197445626986
0.08279241949824964
0.08255228753817284
0.08246201983952926
0.08238920114808164
0.08218443595756919
0.08183875326382911
0.08161117262759451
0.08141913656461036
0.08116670382224907
0.08107191021159543
0.08086152804099907
0.08083935107214976
0.0806392168594619
0.08044817488072283
0.08043607614808164
0.08016657425185382
0.08009479005457991
0.07995495553744042
0.07979704161821785
0.07958966594631389
0.0793904530799995
0.07926186060501357
0.07912467697919426
0.07893324706514003
0.07879638671875
0.07855900263382216
0.07829328310691704
0.07819880469370696
0.0779394133616302
0.07775967808093055
0.07766688072075278
0.07755533315367617
0.07742703971216235
0.07718951015149132
0.07703920138084282
0.07676902059781349
0.07658479981503244
0.07645856727988033
0.07636007211976133
0.07617286100225934
0.07605243133286298
0.07575539411124536
0.07557697619422007
0.07540360143629171
0.07526665218805863
0.07516060845326569
0.07501683800907458
0.07488004231857041
0.07466786594714149
0.07454484196032508
0.07440474881964215
0.07416911852561821
0.07397733300419176
0.07386484792677023
0.07377949407545187
0.07369053565849693
0.07361074221336235
0.07349925122018587
0.07333277847807286
0.07316327499131024
0.0730045609555002
0.0729254625611386
0.07281036700232554
0.07271096665980452
0.07250320305258541
0.07241822097261073
0.0722208992909577
0.07210733930943376
0.07206139322054589
0.07183758687164823
0.0717838578305002
0.07167429843191374
0.07155182402012712
0.07138057482444633
0.0711634846056922
0.07104375806905455
0.07100945003962113
0.07090830398818194
0.07081648454827777
0.07066902063660703
0.07054970628124173
0.07045913146714032
0.07028791459940248
0.07012977438457942
0.0699823428008516
0.0698571932517876
0.0696804483058089
0.06959203946388375
0.06948854155459647
0.06935997332556773
0.06917083061347573
0.06904243210614738
0.06884167558055813
0.06870284322964942
0.068691083940409
0.06855317293587378
0.06837126360101214
0.06828915870795815
0.06809324329182254
0.06797773555173713
0.0679345858299126
0.06782221390029132
0.06766427977610442
0.06761453919491525
0.06746260594513456
0.06724809387982902
0.06714502027479269
0.06708711688801394
0.06694973121255131
0.06688299825636007
0.06672430442551434
0.06652737472016933
0.06649130885883914
0.0664163565231582
0.06628651942236949
0.0661335112684864
0.06602969007976985
0.06586840597249694
0.06579101691811771
0.06565875522160934
0.06551647186279297
0.06547187546552238
0.06528257111371574
0.06525437306549589
0.06514304371203407
0.06496590274875447
0.06486613063488976
0.06474492509486311
0.0646429950908079
0.06455331333612992
0.06445799843739655
0.06438300569178694
0.06430817458589198
0.06422621516858117
0.06409806720281051
0.0640111212003029
0.06396016428026102
0.06383532992864059
0.06380215741820254
0.06362254336728888
0.06350364523418879
0.06337013891187765
0.06326683497024795
0.06312718633878028
0.06300475233692233
0.06291255304368876
0.06279677455708133
0.06270037667225983
0.06257909031237587
0.062477515915692866
0.06234470868514756
0.06221316224437649
0.06216995594865185
0.06202500553454383
0.06190447888131869
0.06182022013906705
0.06177608845597607
0.06169244798563295
0.06156993316391767
0.06145006519252971
0.06134337893987106
0.06135243480488405
0.06120107941708322
0.061132192611694336
0.061013852135609774
0.06089155552750927
0.06079060344372766
0.060759875733973616
0.06061224210060249
0.060506372128502794
0.06033806477562856
0.06026850312443103
0.0601393731973939
0.05998532246735137
0.06000354330418473
0.05980377682184769
0.05971161793854277
0.059751191381680765
0.05962906449528064
0.05947387016425699
0.059381137459965073
0.05924856864799887
0.059144981836868546
0.05900788711289228
0.059006424273474745
0.058882204152769964
0.058773719658285886
0.058729361679594395
0.05860857236183296
0.05856019763623254
0.05844281891645011
0.05834471977363199
0.05826055397421627
0.058104660551426775
0.058039253040895626
0.05786395072937012
0.057754791389077395
0.057716187784227276
0.057627564769680215
0.05754784002142437
0.0574530868206994
0.057367215722294175
0.057262194358696374
0.057127229237960556
0.05706120345552089
0.05700435072688733
0.056929491334042306
0.056842294789976995
0.05679854700120829
0.05674522205934686
0.05656890545861196
0.056541168083578855
0.05638660010644945
0.05636429382582842
0.05631905086969925
0.0561713727854066
0.05605669748985161
0.055932356139360845
0.05585184339749611
0.055743181099325925
0.055711932101492154
0.05565431158421403
0.055506500147156794
0.05548644874055507
0.05538343170941886
0.05529274374751721
0.05517343343314478
0.0551830469551733
0.05508320210343701
0.054937993065785555
0.054837194539732854
0.05477533502093816
0.05466472092321364
0.054641800411676954
0.054462085335941636
0.054424419241436456
0.05433372723854194
0.054244106098756954
0.054105201009976664
0.05402541160583496
0.05391864049232612
0.05391632500341383
0.0537857524419235
0.05371808601638018
0.053561368231046
0.053494033166917705
0.053409030881978695
0.05333602226386636
0.05323198286153502
0.053138260113990914
0.052985684346344514
0.05298091597476248
0.05283680608717062
0.05275934833591267
0.052641690787622486
0.052572682752447614
0.05254217325630835
0.052473124811204815
0.052392353445796645
0.05233364186044467
0.052189677448595984
0.05220200247683768
0.052066948454258806
0.05201691692158327
0.0519661741741633
0.0519043752702616
0.051802990800243316
0.05173745397794045
0.05168904288340423
0.05165197485584324
0.05156668161941787
0.05148480302196438
0.051455344183970304
0.05135065822278039
0.05129490060321355
0.051244711471816244
0.05117358595637952
0.05108033600500075
0.05096920466018935
0.05088472366333008
0.050755468465514104
0.050792758747682736
0.05071608090804795
0.050639411150398904
0.05054496506513175
0.05053697602223542
0.05045023611036398
0.05038847357539807
0.050252890182753744
0.05023820521467823
0.05014320955438129
0.05007549867791645
0.04998392169758425
0.049866264149294064
0.049738730414439054
0.04979597511938063
0.04966111506445933
0.04956872584456104
0.049547526795985335
0.04946047976865607
0.049435744851322495
0.04936072381876283
0.04933723352723202
0.04929381305888548
0.0492175999334303
0.04918551849106611
0.04911524966611701
0.049038709220239673
0.04900002075453936
0.048896607706102276
0.04886315636715646
0.04879454839027534
0.04874448452965688
0.04862462464025465
0.048599049196404925
0.04849545834428173
0.048432778503935216
0.048389046879137976
0.04830113507933536
0.04823197752742444
0.04819299002825204
0.04809635776584431
0.04804454415531482
0.04792256678565074
0.047850390612068826
0.04783126459283344
0.04774259712736485
0.04775991278179621
0.047643903958595406
0.04759486246917207
0.04754666958825063
0.04747315584603003
0.04748138734849833
0.04738087573293912
0.047291028297553626
0.047317468513876706
0.047151040222685216
0.047184766349145923
0.047086731862213654
0.04700650198984954
0.04691934989670576
0.04684040506007308
0.04684727474794549
0.04678802975153519
0.04672782703981561
0.046639070672503974
0.04663181709030927
0.04653662342136189
0.04644807314468642
0.04647385063817946
0.04635418875742767
0.04631885431580624
0.04629939289416297
0.04613778146646791
0.046092142493037856
0.04604747739888854
0.046018006437915863
0.04591658155796891
0.045922133882166975
0.04589370953834663
0.045804916802099194
0.04567022242788541
0.045628717390157406
0.0455292200638076
0.04544850527229956
0.045495045387138756
0.04538917945603193
0.045290053901025806
0.04531394829184322
0.04519841630580062
0.04513152979188046
0.0450354511454954
0.04496862120547537
0.044916443905587924
0.04488624152490648
0.0448303101426464
0.044722528780921034
0.044729382304821985
0.04463603536961442
0.04461064985242941
0.04457845930325783
0.04447196701825675
0.0444030640488964
0.0443920765892934
0.044341511645559537
0.04428814629376945
0.044203487493224065
0.04413726774312682
0.04410660468925864
0.044035992379915914
0.04404270851005942
0.043957306166826665
0.04391877125885527
0.04385699660091077
0.04380411212727175
0.04375876410532806
0.043716652918670135
0.043594101728019065
0.04362570229223219
0.04355496067111775
0.043455661353418384
0.04342362436197572
0.04335027630046263
0.04335894827115334
0.043296110832085045
0.04326765416032177
0.04328324026980643
0.043198868379754535
0.04313424482183941
0.04311460559651003
0.04299060773041289
0.042901697805372334
0.042879646107301876
0.04283599530236196
0.04278975826198772
0.042738659907195525
0.04273203671988794
0.042633250608282575
0.042591216200489106
0.04251953706902973
0.04245156756902145
0.04238177962222342
0.04232891535354873
0.04228639602661133
0.04227319410291769
0.04220987982669119
0.0421415183503749
0.04210558988280216
0.04205473398758193
0.04197195828971216
0.041919029365151614
0.04190951686794475
0.04181743072251142
0.041750806873127565
0.04173606129015906
0.04169708591396526
0.041622509390620864
0.041541180368197164
0.04154699939792439
0.04145303014981545
0.041458299604512874
0.041403059232032906
0.04134933019088487
0.041327593690257965
0.04120984724012472
0.041155245344517595
0.04110373076746019
0.04102382013353251
0.041006548930022674
0.04095206422320867
0.04090908018209166
0.04086898545087394
0.04080032090009269
0.0407294903771352
0.04064755520578158
0.04061377654641361
0.04061200659153825
0.04054534233222574
0.04047182454901226
0.04046010566970049
0.04036001431739936
0.040360252735978465
0.040332765902503065
0.04022010706238827
0.0401934284274861
0.04019323850082139
0.040105447930804755
0.040010488639443606
0.0399982727180093
0.03994816440646931
0.03993322485584324
0.03992196260872534
0.03985578326855676
0.03977301969366558
0.03977457547591905
0.03969881090067201
0.03969119767011222
0.03961979332616774
0.03958991826590845
0.03950877108816373
0.03944954225572489
0.03941899234965696
0.039345890788708704
0.039293846841585836
0.03928675489910578
0.0392136331331932
0.03913042504908675
0.03911158998133773
0.03907379053406796
0.038980867903111345
0.03895678762662209
0.038895647404557566
0.0388824010299424
0.03883162999557237
0.03878920361147088
0.03875939724809033
0.03872124623444121
0.038705462116306114
0.038626149549322614
0.0386357186204296
0.038599773988885394
0.03850751812175169
0.03852532677731271
0.03848083948684951
0.03845125133708372
0.038371102284576936
0.038336818501100704
0.03826031846515203
0.03824207338236146
0.0382197711427333
0.0381154407889156
0.03813875327676029
0.03812548265618793
0.0380489543332892
0.03799105498750331
0.03795411223072117
0.03795521138078076
0.037872855946169064
0.03777618731482554
0.037771067376864156
0.03769531896558859
0.03765127618434066
0.037625320887161515
0.03758660817550401
0.03755861217692747
0.03754770553718179
0.03746516017590539
0.03739971629643844
0.037371481879282804
0.03731456449476339
0.037288358656026546
0.03726321963940637
0.037195670402656165
0.03714864536867303
0.03711224410493495
0.03706923985885362
0.037033303309295135
0.037012669999720686
0.03697801848589364
0.03693818641921221
0.03689024407984847
0.03687422154313427
0.036784176099098335
0.03674845372216176
0.03671319201841193
0.036675816875393105
0.036606392617953024
0.03660743923510535
0.03658106367466813
0.0365437855154781
0.036493176120822715
0.036445932873224805
0.03642734430604062
0.03638969033451404
0.0363486540519585
0.03631972458402989
0.0363036414324227
0.036244145894454696
0.03622652716555838
0.036189499547926045
0.03615229008561474
0.036132590245392365
0.036062604289943886
0.036056979227874236
0.03597422777596167
0.03597537541793565
0.03592854031061722
0.03590153839628575
0.03585800882113182
0.03577358439817267
0.03579079498678951
0.035711292493141304
0.03566095384500795
0.03568948325464281
0.03559670205843651
0.0356117587978557
0.03553990186271021
0.03547329013630495
0.03546962091478251
0.03544033988047454
0.03534601502499338
0.035339537313428974
0.03528343620946852
0.03525313280396542
0.035203222501075875
0.03512416451664294
0.035096621109267416
0.0349956447795286
0.034994622408333474
0.03490593473790055
0.03487005072124934
0.03482920436535852
0.03479474681918904
0.03478784884436656
0.03473944987280894
0.03472851898710606
0.03468457723067979
0.03463155940427619
0.03462846400374073
0.034577329280012746
0.034516981092549984
0.03447567810446529
0.03447440115071959
0.0344130669609975
0.03438713995076842
0.034299959570674575
0.03430171740257134
0.034269736985028804
0.034220154002561405
0.03416978706747799
0.03416884955713304
0.034109014575764283
0.034036604024596136
0.03400592076576362
0.03398861723431086
0.03398386098570743
0.03392801446429754
0.03390447972184521
0.033875534089945133
0.03386126534413483
0.03380575220463639
0.03380030696674929
0.033726950823250466
0.03376767190836244
0.0337069034576416
0.03368221299122956
0.03365269959983179
0.0336239055051642
0.03354746608410852
0.03353015042967716
0.03354173393572791
0.03348260410761429
0.033434071783292094
0.03342339952113265
0.03340536052897825
0.03339030378955906
0.03331664255109884
0.03328637753502797
0.033263792425899184
