0.9598999619483948
0.9733999967575073
0.9789000153541565
0.9818000197410583
0.984499990940094
0.9859000444412231
0.9866999983787537
0.9879999756813049
0.9887000322341919
0.9891000390052795
0.9894000291824341
0.9898000359535217
0.9900999665260315
0.9904000163078308
0.9904000163078308
0.9907000064849854
0.991100013256073
0.9910999536514282
0.9909999370574951
0.9907000064849854
0.9905999898910522
0.9907000064849854
0.9904999732971191
0.9905999898910522
0.9904999732971191
0.9904999732971191
0.9905999898910522
0.9907999634742737
0.9907999634742737
0.9908999800682068
0.9907999634742737
0.9908999800682068
0.9907000064849854
0.9908000230789185
0.9907999634742737
0.9907999634742737
0.9909999966621399
0.9908999800682068
0.9905999898910522
0.9905999898910522
0.9907000064849854
0.9908999800682068
0.991100013256073
0.991100013256073
0.9913000464439392
0.9914000034332275
0.9914000034332275
0.9915000200271606
0.9915000200271606
0.9914000034332275
0.9912000298500061
0.9914000630378723
0.9915000200271606
0.991599977016449
0.9914000034332275
0.9913000464439392
0.9915000200271606
0.9914000630378723
0.9914999604225159
0.991599977016449
0.9918000102043152
0.991599977016449
0.9915000200271606
0.9916999936103821
0.9912999868392944
0.9912999868392944
0.9912999868392944
0.9912999868392944
0.9912999868392944
0.9914000034332275
0.9914000034332275
0.9912999868392944
0.9912999868392944
0.9912000298500061
0.9912999868392944
0.9912000298500061
0.9914000034332275
0.991100013256073
0.9908999800682068
0.9906999468803406
0.9906999468803406
0.9906999468803406
0.9906999468803406
0.9908000230789185
0.9908999800682068
0.9908999800682068
0.9909999966621399
0.9908999800682068
0.9909999966621399
0.9908999800682068
0.9908999800682068
0.991100013256073
0.9908999800682068
0.9907000064849854
0.9904999732971191
0.990399956703186
0.9904999732971191
0.9904999732971191
0.9905999898910522
0.9905999898910522
