0.19548334181308746
0.3385166525840759
0.40246668457984924
0.45875000953674316
0.4664500057697296
0.4932500123977661
0.5006833076477051
0.5133666396141052
0.5410500168800354
0.5722833275794983
0.6122166514396667
0.6248833537101746
0.6437833309173584
0.6566333770751953
0.667816698551178
0.6783666610717773
0.6923500299453735
0.6941332817077637
0.713200032711029
0.7220500111579895
0.7365666627883911
0.7446999549865723
0.7545833587646484
0.7610833644866943
0.7700666785240173
0.777999997138977
0.783916711807251
0.7894333600997925
0.7973999977111816
0.7995833158493042
0.8093500137329102
0.8125333189964294
0.8170833587646484
0.819599986076355
0.8235333561897278
0.8246666789054871
0.8309166431427002
0.8331166505813599
0.8338333368301392
0.8359500169754028
0.840499997138977
0.8420166969299316
0.8479333519935608
0.8522166013717651
0.8544166684150696
0.8572999835014343
0.860966682434082
0.8623332977294922
0.8651833534240723
0.8657333850860596
0.8687167167663574
0.8688833117485046
0.872666597366333
0.8741333484649658
0.875583291053772
0.8776167035102844
0.8781167268753052
0.878849983215332
0.8794833421707153
0.8810833096504211
0.8838833570480347
0.8840833306312561
0.8859166502952576
0.887999951839447
0.8898499608039856
0.8901500701904297
0.8918833136558533
0.893750011920929
0.8945499658584595
0.8944833278656006
0.8950999975204468
0.8957833051681519
0.8966666460037231
0.8976333141326904
0.8995333313941956
0.9002333283424377
0.901449978351593
0.9023333191871643
0.9027000069618225
0.9033166170120239
0.9045000076293945
0.9056000113487244
0.9067000150680542
0.9062333703041077
0.9069333076477051
0.9075499773025513
0.9090999364852905
0.9092333316802979
0.9089666604995728
0.9091833829879761
0.9100000262260437
0.9105499982833862
0.9114999771118164
0.9119499921798706
0.9120333194732666
0.9127000570297241
0.9138666987419128
0.9143832921981812
0.9152333736419678
0.915066659450531
0.9162333011627197
0.9168999791145325
0.9165166616439819
0.9176333546638489
0.9176833033561707
0.9185166954994202
0.9186999797821045
0.9189499616622925
0.9199333190917969
0.9212666749954224
0.921549916267395
0.9219833612442017
0.9227333068847656
0.92330002784729
0.9233499765396118
0.9238333702087402
0.92371666431427
0.9245666265487671
0.9254667162895203
0.9254833459854126
0.9254167079925537
0.9259999990463257
0.9262332916259766
0.9269167184829712
0.9277833700180054
0.92823326587677
0.9283666610717773
0.9293832778930664
0.9296666979789734
0.9295833110809326
0.929900050163269
0.9303500652313232
0.9302166700363159
0.9305499792098999
0.9305333495140076
0.9309500455856323
0.9312333464622498
0.9313333034515381
0.9320499897003174
0.9321666955947876
0.9334332942962646
0.9326666593551636
0.9328333139419556
0.9339499473571777
0.9340000152587891
0.934499979019165
0.934666633605957
0.9348167181015015
0.9349167346954346
0.9353333711624146
0.9355999827384949
0.9360333681106567
0.9360499978065491
0.9361500144004822
0.9370166659355164
0.9365333914756775
0.9377833604812622
0.9378499984741211
0.9387833476066589
0.9389833211898804
0.9392499923706055
0.939300000667572
0.9396166801452637
0.9404999613761902
0.9412999749183655
0.9411499500274658
0.9417333602905273
0.9417999982833862
0.9414499998092651
0.9420000314712524
0.9418500065803528
0.9425833225250244
0.942466676235199
0.9431166648864746
0.9430833458900452
0.943316638469696
0.9437000155448914
0.9437000155448914
0.9443166255950928
0.9441832900047302
0.9448666572570801
0.9445666670799255
0.9452000260353088
0.9452500343322754
0.9450500011444092
0.945183277130127
0.9454666376113892
0.9457666873931885
0.9457666873931885
0.9462500214576721
0.946066677570343
0.9463832974433899
0.9464499950408936
0.9466833472251892
0.9469833374023438
0.9470999836921692
0.9474499821662903
0.9476833343505859
0.9479999542236328
0.9477333426475525
0.948366641998291
0.9484000205993652
0.9489333033561707
0.9484833478927612
0.9487666487693787
0.9488666653633118
0.9489833116531372
0.9491166472434998
0.949150025844574
0.9491000175476074
0.9494500160217285
0.9495999813079834
0.9497833251953125
0.9503666758537292
0.9502166509628296
0.9503833055496216
0.9506499767303467
0.9510999917984009
0.95128333568573
0.951033353805542
0.9511332511901855
0.9515000581741333
0.9514333605766296
0.9517999887466431
0.952033281326294
0.9525500535964966
0.9521166682243347
0.952666699886322
0.9527167081832886
0.9527832865715027
0.9529666900634766
0.9530832767486572
0.9532166719436646
0.9531500339508057
0.9534499645233154
0.9532166719436646
0.9535666704177856
0.9537333250045776
0.9537999629974365
0.9538166522979736
0.954466700553894
0.9543500542640686
0.9548333883285522
0.9548166990280151
0.9547666907310486
0.954883337020874
0.9553666114807129
0.9551333785057068
0.9554833769798279
0.9551666975021362
0.955216646194458
0.9553666710853577
0.9554666876792908
0.9551166296005249
0.9555999636650085
0.9559833407402039
0.9561499953269958
0.9560999870300293
0.9564499855041504
0.956000030040741
0.95660001039505
0.9569833278656006
0.9566166400909424
0.9567499756813049
0.9566500186920166
0.9569500088691711
0.9573000073432922
0.9571166038513184
0.9575833082199097
0.9574333429336548
0.9579499959945679
0.9576666355133057
0.9583333134651184
0.9585166573524475
0.9588833451271057
0.958633303642273
0.9590166807174683
0.9590666890144348
0.9590499997138977
0.9592999815940857
0.9593999981880188
0.9600332975387573
0.9597833156585693
0.9600500464439392
0.9601500034332275
0.9603500366210938
0.9601500630378723
0.9605333209037781
0.9602333307266235
0.9601333141326904
0.9603832960128784
0.9608666896820068
0.9606499671936035
0.9609667062759399
0.9610166549682617
0.9615000486373901
0.9610333442687988
0.9612166285514832
0.9611999988555908
0.9618000388145447
0.9619666934013367
0.9616166353225708
0.961899995803833
0.9616833925247192
0.962066650390625
0.962149977684021
0.9622833728790283
0.962233304977417
0.9622666835784912
0.962149977684021
0.9626833200454712
0.9623500108718872
0.9625833630561829
0.9625499844551086
0.9625666737556458
0.9626500010490417
0.9629666805267334
0.9632166624069214
0.9631333351135254
0.9633166790008545
0.9631999731063843
0.9631332755088806
0.9633499979972839
0.9627333283424377
0.9639999866485596
0.9638166427612305
0.9638500213623047
0.9641500115394592
0.9639832973480225
0.9642167091369629
0.9644833207130432
0.9646832942962646
0.9649167060852051
0.964283287525177
0.9641833305358887
0.9645000100135803
0.9642167091369629
0.964483380317688
0.9646166563034058
0.9649167060852051
0.9650333523750305
0.9650999903678894
0.964733362197876
0.9650166630744934
0.9650499820709229
0.965149998664856
0.9653333425521851
0.9656000137329102
0.9655499458312988
0.9660667181015015
0.9658166766166687
0.9657166600227356
0.9659667015075684
0.966166615486145
0.966083288192749
0.9662166237831116
0.9661166667938232
0.9661999940872192
0.9663500189781189
0.9663833379745483
0.9664666652679443
0.9665499925613403
0.9666999578475952
0.9670833349227905
0.9671165943145752
0.9669833183288574
0.967033326625824
0.9670500159263611
0.9672666788101196
0.9675332903862
0.9674833416938782
0.9674000144004822
0.9672833681106567
0.9675166606903076
0.9674832820892334
0.9676500558853149
0.967716634273529
0.9679666757583618
0.968250036239624
0.9679999351501465
0.9681500196456909
0.9684500098228455
0.9681499600410461
0.9683166742324829
0.9682832956314087
0.9681333303451538
0.9681666493415833
0.9683499336242676
0.968666672706604
0.9690167307853699
0.9688000082969666
0.9692333340644836
0.9690166711807251
0.9692000150680542
0.9693334102630615
0.9693000316619873
0.9693167209625244
0.9694333076477051
0.9693166613578796
0.9695333242416382
0.9696333408355713
0.969249963760376
0.9696833491325378
0.9696999788284302
0.9695333242416382
0.9699667096138
0.9699333906173706
0.9697332978248596
0.9702000021934509
0.9701666831970215
0.9704166650772095
0.9701499938964844
0.9704500436782837
0.97038334608078
0.970550000667572
0.9706667065620422
0.9710166454315186
0.9709166288375854
0.9710166454315186
0.9706000089645386
0.9709999561309814
0.9708999991416931
0.9708499908447266
0.9709166288375854
0.9707333445549011
0.9711999893188477
0.9709500074386597
0.9706666469573975
0.9712666869163513
0.9708500504493713
0.9713499546051025
0.9715333580970764
0.9714499711990356
0.9713666439056396
0.9716499447822571
0.9718332886695862
0.9718166589736938
0.9719833731651306
0.9718666672706604
0.9720166921615601
0.972266674041748
0.972100019454956
0.9722333550453186
0.9722833633422852
0.9721500277519226
0.9727500081062317
0.972766637802124
0.9728833436965942
0.9728167057037354
0.9730166792869568
0.9731666445732117
0.9728167057037354
0.9731666445732117
0.9728167057037354
0.972766637802124
0.9731000065803528
0.9730833768844604
0.973099946975708
0.9733166694641113
0.9732666611671448
0.9728167057037354
0.97284996509552
0.9730499982833862
0.9732499718666077
0.9730000495910645
0.9733166694641113
0.9732832908630371
0.9731666445732117
0.9729999899864197
0.9736000299453735
0.9735333323478699
0.9736666679382324
0.9734166860580444
0.9734333753585815
0.9734666347503662
0.973716676235199
0.9736500382423401
0.9738999605178833
0.9737833142280579
0.9737333655357361
0.9735833406448364
0.9738333225250244
0.974216639995575
0.9740666747093201
0.9742500185966492
0.9739333391189575
0.9742333292961121
0.9740332961082458
0.9744333028793335
0.9742000102996826
0.9740666747093201
0.9741666316986084
0.9741500020027161
0.974299967288971
0.9741666316986084
0.9742000102996826
0.9742666482925415
0.9744499921798706
0.9746333360671997
0.9746000170707703
0.9748499989509583
0.9748666286468506
0.974649965763092
0.9749166965484619
0.9748499989509583
0.9750500321388245
0.9747333526611328
0.9751332998275757
0.9748833179473877
0.9746833443641663
0.9749666452407837
0.9748166799545288
0.9748333692550659
0.9753000140190125
0.9750832915306091
0.9751499891281128
0.9754999876022339
0.9752999544143677
0.9749000072479248
0.9752666354179382
0.9751499891281128
0.9752666354179382
0.975516676902771
0.9755499362945557
0.9754832983016968
0.9754167199134827
0.9755833148956299
0.9755667448043823
0.9754166603088379
0.9754999876022339
0.9756166934967041
0.9757833480834961
0.9757833480834961
0.9759833812713623
0.9758166670799255
0.9755833745002747
0.9763000011444092
0.9760333299636841
0.9759833216667175
0.9757999777793884
0.9761333465576172
0.9757500290870667
0.9758332967758179
0.9760666489601135
0.976016640663147
0.9763500094413757
0.9762666821479797
0.9764500260353088
0.9762667417526245
0.976516604423523
0.9764167070388794
0.9766833782196045
0.9767166972160339
0.976433277130127
0.9765499830245972
0.9768667221069336
0.9764999747276306
0.9766333699226379
0.9769166111946106
0.9767000079154968
0.9766333103179932
0.9767166972160339
0.9768333435058594
0.9768833518028259
0.976783275604248
0.9769999980926514
0.9768166542053223
0.9770500063896179
0.9772499799728394
0.9771166443824768
0.9772499799728394
0.9774667024612427
0.9773833155632019
0.9774333238601685
0.9769833087921143
0.9777666926383972
0.9777166843414307
0.9775667190551758
0.9775832891464233
0.9775166511535645
0.9776166677474976
0.9775333404541016
0.977483332157135
0.9775833487510681
0.9776667356491089
0.9777166247367859
0.9778499603271484
0.9778000116348267
0.9779167175292969
0.9779999852180481
0.9777833819389343
0.9780333042144775
0.9776666760444641
0.9780499935150146
0.9782166481018066
0.9777666330337524
0.9778333306312561
0.9779333472251892
0.9780000448226929
0.9779666662216187
0.9782500267028809
0.9783833026885986
0.9779999852180481
0.9781500101089478
0.9782333374023438
0.9781666994094849
0.9780833125114441
0.9783499836921692
0.9782666563987732
0.9781666994094849
0.9782166481018066
0.9782999753952026
0.9783999919891357
0.9786333441734314
0.9787500500679016
0.9785499572753906
0.9785333275794983
0.9787999987602234
0.9785667061805725
0.9785666465759277
0.9786167144775391
0.9790499806404114
0.9786334037780762
0.9787333607673645
0.9788500070571899
0.9791333675384521
0.9787833094596863
0.9788833260536194
0.9790500402450562
0.9788333177566528
0.9790999889373779
0.979366660118103
0.9791999459266663
0.979033350944519
0.9791833162307739
0.979449987411499
0.9792666435241699
0.9790833592414856
0.9791000485420227
0.9793166518211365
0.9793166518211365
0.979449987411499
0.9792499542236328
0.979283332824707
0.979366660118103
0.9793999791145325
0.9795499444007874
0.9793499708175659
0.9795166254043579
0.9795000553131104
0.9794500470161438
0.9796667098999023
0.9796499609947205
0.9799833297729492
0.9799833297729492
0.979699969291687
0.9796666502952576
0.9798333048820496
0.979699969291687
0.9798333048820496
0.9799833297729492
0.9798166751861572
0.9798833131790161
0.9797999858856201
0.9799666404724121
0.9800333380699158
0.9801332950592041
0.9803500175476074
0.980033278465271
0.979866623878479
0.9800500273704529
0.9801833629608154
0.9804832935333252
0.9801666140556335
0.9803166389465332
0.9802666902542114
0.9805166721343994
0.9802333116531372
0.9803166389465332
0.9803333878517151
0.980400025844574
0.9802666306495667
0.980400025844574
0.9803999662399292
0.9803832769393921
0.9802999496459961
0.9801833629608154
0.9803166389465332
0.980199933052063
0.9805666208267212
0.9804999828338623
0.980566680431366
0.9807166457176208
0.9807167053222656
0.9804832935333252
0.9806333780288696
0.9806833267211914
0.9806833267211914
0.9808666706085205
0.9808499813079834
0.9809666872024536
0.9809166193008423
0.9811332821846008
0.9807833433151245
0.9812666773796082
0.9811166524887085
0.9810999631881714
0.9813166856765747
0.9814333319664001
0.9811999797821045
0.9813833236694336
0.9810333251953125
0.981333315372467
0.9810333251953125
0.9812999963760376
0.9813666343688965
0.9815666675567627
0.9811833500862122
0.9813166856765747
0.9814833402633667
0.9815666675567627
0.9816499948501587
0.9814167022705078
0.9815166592597961
0.9814499616622925
0.9814500212669373
0.9815333485603333
0.9818166494369507
0.9812999963760376
0.9817666411399841
0.9815500378608704
0.9816666841506958
0.9817500114440918
0.9816333651542664
0.9816499948501587
0.9815499782562256
0.9815499782562256
0.9818000197410583
0.9817333221435547
0.9817333221435547
0.9815833568572998
0.9816333055496216
0.9820500016212463
0.981499969959259
0.9818666577339172
0.9819499850273132
0.9820500612258911
0.9820833206176758
0.9824000000953674
0.9822166562080383
0.9819666147232056
0.9821667075157166
0.9823833703994751
0.9823499917984009
0.9824333190917969
0.9824666380882263
0.9823166131973267
0.9823167324066162
0.98253333568573
0.9825499653816223
0.982366681098938
0.9824000000953674
0.9825500249862671
0.9827333092689514
0.9828166365623474
0.9826499819755554
0.9828000068664551
0.9828166365623474
0.9825667142868042
0.9829000234603882
0.9826666712760925
0.9827333092689514
0.9827666878700256
0.9828499555587769
0.9827499389648438
0.98294997215271
0.9828333854675293
0.9830166697502136
0.9829666614532471
0.9829833507537842
0.9829167127609253
0.9830000400543213
0.9829332828521729
0.9831333160400391
0.98294997215271
0.9830333590507507
0.9829333424568176
0.9831000566482544
0.9832000136375427
0.9831333160400391
0.9830833077430725
0.9832167029380798
0.9832000136375427
0.9834333658218384
0.9830999970436096
0.9833999872207642
0.9833500385284424
0.9832666516304016
0.9834833145141602
0.983466625213623
0.9833999872207642
0.9833999872207642
0.9836499691009521
0.9833000302314758
0.9837999939918518
0.9836333394050598
0.9838833212852478
0.9835500121116638
0.9836999773979187
0.9838666319847107
0.9834833145141602
0.9835500121116638
0.9838833808898926
0.9837332963943481
0.9838166832923889
0.9837833642959595
0.9837000370025635
0.9838666915893555
0.9839333295822144
0.9839667081832886
0.9840500354766846
0.9839000105857849
0.9836833477020264
0.9839166402816772
0.9839833378791809
0.9839500188827515
0.9839500188827515
0.9838666915893555
0.9838666915893555
0.9840499758720398
0.9839000105857849
0.9841833114624023
0.9840666651725769
0.9841833114624023
0.98416668176651
0.9842500686645508
0.9843000173568726
0.9843500256538391
0.9842333793640137
0.9842666983604431
0.9844332933425903
0.9844499826431274
0.9842333197593689
0.9844500422477722
0.9841833114624023
0.9843833446502686
0.9843833446502686
0.984250009059906
0.9843666553497314
0.9843999743461609
0.9845999479293823
0.9843000173568726
0.9843666553497314
0.9846000075340271
0.9846000075340271
0.9845499992370605
0.9848166704177856
0.9849500060081482
0.9845333099365234
0.9847166538238525
0.9847166538238525
0.9847333431243896
0.984666645526886
0.9845833778381348
0.9848499894142151
0.9848666787147522
0.9846333265304565
0.9845166206359863
0.9846500158309937
0.9845333099365234
0.9847833514213562
0.9846667051315308
0.9848999977111816
0.9847999811172485
0.9848333597183228
0.9850000143051147
0.9848999977111816
0.9849333763122559
0.9850833415985107
0.9848166704177856
0.9848833084106445
0.9849833250045776
0.9851000308990479
0.9848666787147522
0.9850167036056519
0.9849666357040405
0.9851832985877991
0.9849500060081482
0.98499995470047
0.985200047492981
0.9851666688919067
0.9851166605949402
0.9853000640869141
0.9853833317756653
0.9853500127792358
0.9851833581924438
0.9853500127792358
0.9854333400726318
0.9853333234786987
0.9854333400726318
0.9853500127792358
0.9854333400726318
0.9852166771888733
0.9853999614715576
0.9854332804679871
0.985550045967102
0.9854333400726318
0.9853166341781616
0.9856333136558533
0.985450029373169
0.9855166673660278
0.9854167103767395
0.985633373260498
0.9853833317756653
0.9855166673660278
0.9857332706451416
0.9855499863624573
0.9855999946594238
0.9854832887649536
0.9854832887649536
0.9855666160583496
0.9854666590690613
0.9854999780654907
0.9854000210762024
0.9856666326522827
0.9855833053588867
0.9855166673660278
0.9856166243553162
0.9857999682426453
0.9856666922569275
0.9856666326522827
0.9857166409492493
0.9859833121299744
0.9859833121299744
0.985883355140686
0.98580002784729
0.9858666658401489
0.9857833385467529
0.9861000180244446
0.9857999682426453
0.9860333204269409
0.9861833453178406
0.9860166311264038
0.9860166907310486
0.985966682434082
0.9861667156219482
0.9861999750137329
0.9859999418258667
0.9864166975021362
0.9862000346183777
0.9864499568939209
0.98621666431427
0.9862667322158813
0.9864000082015991
0.9862666726112366
0.9865166544914246
0.9863333106040955
0.9861999750137329
0.9864000082015991
0.986383318901062
0.9862499833106995
0.9865333437919617
0.9862833023071289
0.9865999817848206
0.9865999817848206
0.9864500164985657
0.986383318901062
0.9867333173751831
0.986549973487854
0.9867333173751831
0.9866166710853577
0.9867833852767944
0.9866833686828613
0.9867333173751831
0.9870333075523376
0.9866666793823242
0.9867666959762573
0.9867666959762573
0.9868833422660828
0.9868000745773315
0.9868166446685791
0.9867500066757202
0.9867833256721497
0.9869166612625122
0.9868166446685791
0.9868667125701904
0.9867666959762573
0.9868000149726868
0.9869499802589417
0.9870333671569824
0.9871166944503784
0.9869166612625122
0.9871666431427002
0.9871666431427002
0.9870833158493042
0.9871499538421631
0.9869499802589417
0.9871166944503784
0.9871166348457336
0.9869500398635864
