2.3249465166512184
2.2926017631918696
2.2807842189982788
2.2675861423298462
2.2611368470272777
2.242229914261123
2.232211355435646
2.225392745713056
2.210547754320048
2.1935261871855136
2.145580356403933
2.1101035425218484
2.0504707724361095
1.994430800615731
1.9579263460838188
1.8978080102952861
1.869218470686573
1.8483091451353946
1.8333432472358315
1.8113599874205508
1.7994834770590573
1.7431837178893008
1.7215704190529
1.7068077992584745
1.6757446547686043
1.6688547942597987
1.618867777161679
1.6104665206650557
1.6074499356544625
1.601555646476099
1.5971397787837658
1.578378709696107
1.5728057602704582
1.5370522191969014
1.5111076225668698
1.5049152697547008
1.488829661223848
1.4753297708802304
1.4515688621391685
1.4508072158037606
1.4190748828952595
1.398398706468485
1.38909084514036
1.3662786968683793
1.3415986400539592
1.31403040481826
1.3013727220438294
1.2905292834265758
1.2851989228846663
1.2800896854723913
1.2612225807319253
1.2487366239903337
1.2400451918779793
1.2356757471116924
1.227762254617982
1.2075945320775954
1.2026533999685514
1.197754423497087
1.1877270714711334
1.1802528510659427
1.1711361125364141
1.1699380389714644
1.1640653448589777
1.1502600201105668
1.149371260303562
1.1463103213552701
1.140100770077463
1.1323809866177834
1.1277732202562236
1.1174400458901614
1.1080922272245763
1.1039481728763905
1.0937285342458951
1.0928780507233182
1.0802272214727886
1.0825523764400158
1.0763200662903867
1.059709193342823
1.052108053433693
1.049598758503542
1.046254691431078
1.021830542612884
1.014209359379138
1.0074157068284892
0.9983109296378443
0.98726550603317
0.9838860075352556
0.9822436833785753
0.959271770412639
0.9577561717922405
0.956269215729277
0.9476169650837526
0.9413022186796544
0.923599501787606
0.9168690180374404
0.9181989896095405
0.9135129896260924
0.9074760049076404
0.8982599549374338
0.8953154612395723
0.8914174225370762
0.8808256246275821
0.8816388663599046
0.8808536206261587
0.8786720663814221
0.8756602012504966
0.8716603941836599
0.8696691222110037
0.8619940806243379
0.8644000554488878
0.8600908699682204
0.8529727741823359
0.8521312131720075
0.8464824870481329
0.8436636197364936
0.8297393281581038
0.8293955528129966
0.8268066664873543
0.8206487752623477
0.8136530730683925
0.8030162746623412
0.7875588627184852
0.7787660501771054
0.7802437604483912
0.7737920082221597
0.7715998504121425
0.7680797253624868
0.7610701868089579
0.7494278600660421
0.744515499826205
0.7477268283650026
0.7448742106809454
0.7432926630569716
0.7431875325865664
0.7429033699682204
0.7340373023081634
0.7384864031258276
0.7225268089165122
0.7252070540088719
0.7225217657574152
0.7204864631264897
0.7173745106842558
0.7165334669210143
0.712863728151483
0.7096541453216035
0.7089852155265162
0.7090210995431674
0.7071427167472193
0.6897483437748279
0.6923738253318658
0.6894725217657575
0.6917786032466565
0.6898396378856594
0.6835197836665784
0.681381484209481
0.6792708574715307
0.6751080529164459
0.6734571295269465
0.6640459480932204
0.6653646048852953
0.6632147320246292
0.6621698929091632
0.6660482115664724
0.655541242179224
0.6501252772444386
0.6533319505594545
0.645818871966863
0.6453345347259004
0.6390839269605734
0.6411411479368048
0.6403210526805813
0.6320689573126325
0.6324424097093485
0.6275895975403867
0.6244108555680614
0.62604399858895
0.610127465199616
0.608605207022974
0.6011256201792572
0.597511873406879
0.5936645895747815
0.5933325816009004
0.5881928266105005
0.5883200693938692
0.5885234121548928
0.5826238858497749
0.5804058010295287
0.5779800415039062
0.5758424532615533
0.5739192639367056
0.5732005491095075
0.5621290045269465
0.563119015451205
0.563919326006356
0.5650680671303959
0.5634526398222325
0.5619788735599841
0.5600629903502383
0.5627356060480667
0.5552798772262315
0.5524499537581105
0.5503124948275291
0.5540505102125265
0.5519711769233315
0.5422739901785123
0.5404746815309687
0.5430472422454317
0.5422674276060977
0.5442542383226298
0.5399756027480304
0.5384090876175185
0.5354625249313096
0.530241562148272
0.5281695996300649
0.5281935223078323
0.5274771350925251
0.527699486683991
0.5276116193351099
0.5241259882005594
0.5201373342740334
0.5179679353358382
0.515093916553562
0.5156126183978582
0.5131221706584349
0.510365987228135
0.509588403216863
0.5061100781974146
0.5020466174109507
0.4989263566873841
0.4951746989104707
0.4974341958256091
0.49623017391916047
0.4929838665461136
0.49182759301137113
0.4922967361191572
0.49353825843940347
0.48620437363446767
0.48452063738289525
0.4832438452769134
0.4789339809094445
0.48007376719329314
0.477434740228168
0.4743408267780886
0.4715616581803661
0.4703672053450245
0.47196921655687235
0.4720563403630661
0.4666929729914261
0.4750898652157541
0.4646514957234011
0.46318619938220007
0.4644473770917472
0.4614605014607058
0.4627021530927238
0.4626556331828489
0.4613837872521352
0.4603775153725834
0.45957872423075014
0.4587473788503873
0.45588690547619837
0.4568306551141254
0.4561183088916843
0.45528877387612554
0.45491499819998016
0.45517126180357853
0.45450158846580374
0.4518284555208885
0.4510987168651516
0.4506876347428661
0.4507595644158832
0.4466283119330972
0.4480891793461169
0.445179050251589
0.44321341433767547
0.44127677658856923
0.44126407170699816
0.43945293103234245
0.43862763097730734
0.43860228587005096
0.4364135224940413
0.435033087003029
0.4349093356374967
0.43379534705210543
0.4340028277898239
0.4336650654421014
0.4323277877548994
0.4295664318537308
0.4300461461988546
0.42676017243983383
0.4263623124462063
0.42686698396327133
0.4261901338221663
0.4257383184917903
0.42367980439784164
0.42344180608199816
0.4222524933895822
0.42271116224385924
0.41968054690603485
0.42100683309264103
0.420530868788897
0.4186638654288599
0.41857664463883737
0.4180904970330707
0.4161162295583951
0.4160421015852589
0.4136932825638076
0.4139661304021286
0.41448366844047935
0.41419633768372616
0.4137123237221928
0.4138154498601364
0.4127455889168432
0.4115394333661613
0.4124255099539029
0.4114441952462924
0.4093228679592327
0.41299532227596997
0.4060790175098484
0.407031625004138
0.40576676190909694
0.4061638783600371
0.4048298981230138
0.40558071459754036
0.40408797183279266
0.40263592994819253
0.40235881482140495
0.4019816770391949
0.40065998142048465
0.3984973066944187
0.3991132833189883
0.39751269453662935
0.39781518709861624
0.39748650890285686
0.3967078257415254
0.39940032312425516
0.3988412113512977
0.3968864376262083
0.39712663424217093
0.39460958060571705
0.39501510232181875
0.395902730650821
0.3945879532118975
0.3947032023284395
0.39326574034610035
0.39310355105642547
0.39272819131107656
0.3912871409270723
0.39034529863777806
0.3902151463395458
0.3900201765157409
0.3904872183072365
0.390376301135047
0.3890667284949351
0.387552293680482
0.38589315899347854
0.38478075447729077
0.385141405008607
0.38529257046974313
0.38522403523073356
0.3834279270495399
0.38102269576767744
0.3810923948126324
0.380017652349957
0.3760774580098815
0.3760468111199848
0.3775934122376523
0.376310445494571
0.37501664889060843
0.37444502620373743
0.37351356118412343
0.3727534989179191
0.37165457515393274
0.3716876466395491
0.3735074835308528
0.3726031739832991
0.37292897499213784
0.3700043629791777
0.3691249136197365
0.36879885398735435
0.3676400912010064
0.3683566400560282
0.36945540218029993
0.3671894073486328
0.3650535971431409
0.36469482163251454
0.3610244039761818
0.35952661805233715
0.3596269639871888
0.3591191243317168
0.35877172825700143
0.3583224021782309
0.35790821657342425
0.35841667045981196
0.3573333610922603
0.35525027776168566
0.35560646703687765
0.3551382937673795
0.35465447377350373
0.3525308188745531
0.35190556413036284
0.35112736588817534
0.35105908927270923
0.3515138787738347
0.35219056727522513
0.3513250189312434
0.7136657197596663
0.3833218913967327
0.3659401909779694
0.36211417893231923
0.3571263652736858
0.3547995292534262
0.353065620034428
0.3525970911575576
0.3525075104277013
0.355775283554853
0.3532879716258938
0.3508666087005098
0.3504063557770293
0.3486646231958422
0.3490158339678231
0.35079581050549524
0.34976147797148105
0.34851895348500395
0.3473622273590605
0.3480708235401218
0.34297270694021453
0.34304098355568063
0.3437756037307998
0.3435356010824947
0.34121458409196237
0.3384916014590506
0.33891697253211067
0.3376743510618048
0.33681555925789525
0.3356721522444386
0.33521927009194585
0.3349433510990466
0.33455134246308926
0.33479483652923064
0.3349710884740797
0.33427028332726433
0.3326838541839082
0.33286078501555877
0.3300946122508938
0.33231311733439817
0.3307665808726165
0.3302047858803959
0.3299365609379138
0.3280770576606363
0.32745089773404396
0.3285053705765029
0.326742592504469
0.3264104228908733
0.3255779783604509
0.32588777703753974
0.32714940733828785
0.3255744546146716
0.3249235961396815
0.3266012870659262
0.32564761274952
0.324988510649083
0.3237068693516618
0.3240091032901053
0.3239580574682203
0.32323979523222324
0.32295954429497153
0.3226224608340506
0.3217033774165784
0.32200412426964714
0.3225685701531879
0.3218577756720074
0.3226146697998047
0.3208900063724841
0.32060257863190217
0.3212112168134269
0.3187541961669922
0.3188523438017247
0.3183023808366161
0.3180981975490764
0.3172122826010494
0.3171471417960474
0.3154646016783633
0.3154494398731296
0.31432032181044756
0.31472147925425387
0.31519110728118377
0.31386669611526746
0.31344307075112554
0.3125713154421014
0.3121303623005495
0.31210925215381685
0.31215047028105136
0.3108614582126423
0.3119653604798398
0.3104919821529065
0.30978603686316536
0.31008090003062105
0.30813905748270326
0.3069732148768538
0.30685428037481793
0.30815910080731923
0.3067701953952595
0.3065879304530257
0.30595953989837127
0.3056607003939354
0.3047552593683792
0.30463461148536813
0.3049303475072828
0.3044994160280389
0.3045119915978383
0.3029129868846829
0.30266215437549654
0.30335904784121753
0.3028899693893174
0.30272803872318593
0.3021783667095637
0.30182114294019796
0.30294547646732656
0.30179353487693655
0.30116268739861957
0.30054464178570245
0.30036897174382615
0.3027847096071405
0.29998093944484905
0.2982310602220438
0.298652778237553
0.2978717997922736
0.2978159371068922
0.2974627543303926
0.29636328099137643
0.29587994591664457
0.2948056560451702
0.2956740492481296
0.296490103511487
0.29605409654520326
0.295429294392214
0.29469874753790387
0.29287613044350835
0.293407828120862
0.29190722966598254
0.2913315983141883
0.29178945896989206
0.2911636223227291
0.2921302924721928
0.29064391831220204
0.2904513730841168
0.28968617067498675
0.2899938033798994
0.2909512600656283
0.29013245792712195
0.2905261152881687
0.2902229438393803
0.29001649759583553
0.2905285722118313
0.28912279161356264
0.2886668706344346
0.28826720027600305
0.28738804186804817
0.2884632692498676
0.2872216176178496
0.28767071740101957
0.28620561502747616
0.286320928799904
0.28722346031059653
0.28669021089198227
0.28636673749503444
0.2862272747492386
0.28523561509989076
0.2861340086338884
0.28452559648934056
0.28513336181640625
0.2859988455045021
0.2879603111137778
0.28537776106494966
0.28363256939386916
0.28256057480634267
0.2820187908107952
0.28272790423894334
0.28181218292753574
0.2814638493424755
0.28209211058535816
0.28242576728432867
0.28140462455102955
0.28041057263390495
0.28090111683991
0.28001306824764965
0.2789027327198093
0.27911949157714844
0.2796927306611659
0.2794570276292704
0.27875389487056407
0.276916051315049
0.27772618956485035
0.2780702235335011
0.27720661486609505
0.27711499747583423
0.2776765985003972
0.2788029040320445
0.27794938168283234
0.2771963992361295
0.27717473951436705
0.27570663064213125
0.27637213367526814
0.27618705620199946
0.2752788349733514
0.2761018397444386
0.2747544110831568
0.2739294666354939
0.27708422127416577
0.27414900569592493
0.27214295985335013
0.27247790967003777
0.27174251362428825
0.2718856940835209
0.2709920527571339
0.27048967652401684
0.2706551309359276
0.26993145376948985
0.27104413307319253
0.2693299277354095
0.2703049546581204
0.2696789240432998
0.2693887484275689
0.27067051903676176
0.2707135636927718
0.270154581231586
0.27007198333740234
0.26844739105741855
0.2677335577496028
0.266676935098939
0.2676590741690943
0.26646237454171906
0.26582480285127286
0.26679349349716963
0.2650047560869637
0.26518538846807965
0.265284295809471
0.265613620564089
0.2645976018097441
0.2648405947927701
0.26398838172524663
0.2634407463720289
0.2645325903165138
0.2644475678266105
0.2645249609219826
0.2654913886118743
0.2638168819880081
0.26349562305515095
0.2661688853118379
0.26287589638920156
0.2632849903429969
0.26262797339487887
0.26295380673166047
0.26353999315682103
0.26280361110881223
0.26090093386375296
0.2611335819050417
0.2608195159394862
0.2605812105081849
0.2603817632642843
0.2612754692465572
0.2597588361319849
0.2601211353883905
0.2594584772142313
0.25856583805407507
0.25933608362230204
0.2591476117150258
0.2600647554559223
0.2593847533403817
0.2585198192273156
0.2574774855274265
0.2575622170658435
0.2574759499501374
0.2569218813362768
0.2562685821015956
0.25583207405219643
0.25595708620750296
0.25492338406837595
0.25394051761950476
0.25623518733654993
0.25374663078178794
0.253324363191249
0.2530611814078638
0.2525180719666562
0.25240403514797405
0.2517552941532458
0.25148031267069154
0.2506491289300434
0.2498913296198441
0.2496033199762894
0.24882761098570744
0.249748343128269
0.2477851479740466
0.2483100082914708
0.24822952787754898
0.24879736819509732
0.24732368275270625
0.24788958339367884
0.24784561739129535
0.24588785333148502
0.2460686635162871
0.24561313047247418
0.2457156100515592
0.24539792335639565
0.2451669240401963
0.2453911991442664
0.24530163457838156
0.24600846888655323
0.24368421910172802
0.24264728416830805
0.2420155961634749
0.24161161002466233
0.2413266715356859
0.24136679051286083
0.24085573422706733
0.24048328399658203
0.2409208911960408
0.24106746608928098
0.23999689393124338
0.23984301292290122
0.2388628135293217
0.23947583214711335
0.23851043895139531
0.23848801952297405
0.23832683239952993
0.23872377104678397
0.23976332454358118
0.2398609226032839
0.23924982749809653
0.23847558942891783
0.23917489132638706
0.23871567289708023
0.2378702648615433
0.23765926037804555
0.23722878149000265
0.2377296059818591
0.2369377006918697
0.23699191465216168
0.23538165981486692
0.23487217143430547
0.23552566463664426
0.23476969185522048
0.23443097583318162
0.23430635161319022
0.23382371158923132
0.23409028780662408
0.23371767593642412
0.2336669857219114
0.23269612910383838
0.23293592162051444
0.23274980965307204
0.23326209440069684
0.23352868678206104
0.23192423481052205
0.23211353108034297
0.2324771234544657
0.2327766580096746
0.23147789906647245
0.23218390901209945
0.23095554416462527
0.2308724936792406
0.2308894820132498
0.23161175291417008
0.23208201133598716
0.2310815584861626
0.23015180684752384
0.23044266135005628
0.2304551722639698
0.22940057010973913
0.2296304217839645
0.22952618033198988
0.22939782223459018
0.22988506899041644
0.22965796519134005
0.2283574282112768
0.228928291191489
0.22946265592413434
0.22823078349485235
0.22843016608286712
0.22857784012616691
0.22806958020743678
0.22754960140939487
0.22735020265740863
0.2277160579875364
0.22801240824036678
0.228008205607786
0.22702765060683427
0.2275540465015476
0.2278762106168068
0.22735902818582826
0.22800718727758376
0.22669614371606858
0.22628435037903866
0.22600650787353516
0.22588786432298563
0.2259038181628211
0.2250509747004105
0.22486943713689256
0.22509634696831138
0.22448690058821338
0.22443520820746987
0.22422263581874008
0.2249870623572398
0.22450788142317432
0.22439481444278006
0.2255382052922653
0.2242863541942532
0.22505782822431145
0.2233646683773752
0.22288998102737687
0.22345379651603053
0.22399498244463387
0.2233462576138771
0.22248861345194154
0.22210492926128841
0.22234218403444453
0.22255223484362585
0.22223322270280224
0.22196064965199616
0.22227235567771783
0.2218613705392611
0.2215871810913086
0.2212365360583289
0.2198228512780141
0.22033940331410554
0.22059896436788268
0.22014262312549657
0.21966352301128841
0.21949273448879436
0.21924827058436508
0.21919302212989936
0.22063103368726827
0.22005301006769729
0.21935883214918234
0.21908428709385758
0.2195983822062864
0.21909988532632085
0.2183386107622567
0.21815342014118777
0.21777346982794293
0.21751891960531977
0.2181627467527228
0.21826163793014267
0.2179563166731495
0.2168247093588619
0.21624303268173994
0.21681772652318923
0.21635758674750893
0.21714774632858017
0.2177149562512414
0.21635813632253872
0.21647382186631026
0.21621382438530357
0.21662615113339181
0.21641789452504304
0.21673498315326237
0.21581063028109276
0.21586511902889963
0.2155625133191125
0.21544425770387812
0.21559731434967558
0.21474998280153437
0.2143620636503575
0.21411247576697398
0.214608273263705
0.2146056708642992
0.21444676286083156
0.2145728741661977
0.21419206716246525
0.21401812666553563
0.21427532777947894
0.21404903217897578
0.21405612816244868
0.21322840351169392
0.21357893539687334
0.2126031649314751
0.21355616036107986
0.21343182709257483
0.2133981737039857
0.21321004124011023
0.21330705739684025
0.21221262721692102
0.21227574752548994
0.21312957699015989
0.2133469339144432
0.21283385713221664
0.2128210229388738
0.21246358903787904
0.21237693398685778
0.2124171014559471
0.21119775610455013
0.21100618071475272
0.21056041070970438
0.2105955188557253
0.21089927220748642
0.21065700660317632
0.21116276110632945
0.2100659709865764
0.21098295308775822
0.20942603935629633
0.210087566052453
0.20956509800280554
0.2093431181826834
0.20962070206464348
0.21008344423972955
0.2091820118790966
0.20917009903212724
0.20872371479616328
0.20894740799726066
0.20966326180150954
0.20866875729318393
0.2091909828832594
0.20887615721104508
0.2083169969461732
0.20852869648044392
0.20861800242278536
0.2083886356677039
0.2075750060000662
0.2073643571239407
0.20804175684007548
0.20829423807435116
0.20725869324247717
0.20796347472627283
0.2065109964144432
0.2069550045466019
0.20645831803144035
0.20659511372194453
0.2071081905041711
0.20648285494012347
0.2061317573159428
0.20629585395425054
0.2053212634587692
0.20637358649302337
0.20640143701585673
0.20585525642007085
0.20576911861613645
0.2059513835583703
0.2048555794408766
0.20444388308767544
0.2050854957709878
0.2044619544077728
0.20487310118594412
0.20521674721927965
0.204797550783319
0.20458932650291314
0.20466487690553828
0.20438535334700245
0.20421217255673166
0.20386873665502517
0.20335273419396352
0.20369140172408798
0.20333610146732653
0.20279753410210044
0.20259369025796148
0.2027837947263556
0.20280975406452761
0.20248049396579548
0.20286644111245367
0.20307419663768703
0.20262748912229375
0.2025427090919624
0.203058954012596
0.20246256812144134
0.20221018387099443
0.20215286642818128
0.20158004760742188
0.2021948604260461
0.20082101983539127
0.20213191792116328
0.2012447098554191
0.2006352311473782
0.20093746508582164
0.19995471178475072
0.20035771192130397
0.20059739129017976
0.2015343520600917
0.20084990485239837
0.1995656449915999
0.20029569076279463
0.20007350081104344
0.19947136054604742
0.19997383376299324
0.19865828045343947
0.1984777612201238
0.19860026795985336
0.1991835448701503
0.19855061223951437
0.1992523225687318
0.19940612275721664
0.19862168522204382
0.19853441594010693
0.19811656111377782
0.1984075772560249
0.19862040826829813
0.19777802289542507
0.19754749233439817
0.197500891604666
0.19805112935728947
0.19768761780302405
0.19790031950352555
0.19690536240399895
0.19759065013820842
0.1976576174719859
0.19777158963478217
0.19775827052229542
0.197291584338172
0.19734699443235235
0.19715939537953522
0.19730341636528403
0.1964343119475801
0.1958584543001854
0.19547375177933
0.19607390387583587
0.19553233001191736
0.19447953822249073
0.19566830133987687
0.19460938340526515
0.19499442536952133
0.19546924203129137
0.19451349872653767
0.19475372767044327
0.19554951231358414
0.1951075731697729
0.19497564283467955
0.19527286594196902
0.19435155189643472
0.1948982820672504
0.19434159489001257
0.19435767804161977
0.19473636756509038
0.1943656307155803
0.1941086558972375
0.1938765412670071
0.19324491791805978
0.19334828651557534
0.19350391323283567
0.19277204093286546
0.19329759630106264
0.19271815025200278
0.193444769261247
0.19251328807766155
0.19261607477220438
0.19365441597114175
0.1915413484735004
0.19256811626886916
0.19240156270689884
0.1918205649165784
0.1924127805030952
0.1916101261720819
0.19129963244422007
0.19133700354624603
0.1911081863661944
0.19079825837733383
0.19041591579631223
0.19132875992079912
0.1898166042263225
0.18993085117663366
0.1912593033354161
0.1889039379055217
0.18820975998700676
0.18844780679476464
0.18823539604574946
0.18854438652426508
0.18786777884273206
0.18814364934371688
0.1872920666710805
0.1871556912438344
0.1866713378389003
0.185851145598848
0.18713254443669725
0.18694277941170384
0.18559208562818624
0.18634946467512745
0.18606611025535455
0.1871796947414592
0.1858081817626953
0.18533507848190048
0.18624173180531647
0.18600108259815282
0.18579015893451237
0.1864306078118793
0.1860163898791297
0.18570070751642775
0.18480221699860136
0.1847122968253443
0.1845320038876291
0.18431860713635462
0.18441292390985004
0.18432177527476165
0.18404984878281416
0.1841975066621425
0.18393198110289494
0.18334262653932734
0.18303953591039626
0.18341694848012116
0.1829641309835143
0.18263976856813594
0.1834208924891585
0.1836564662092823
0.18292276738053662
0.18277349310406185
0.1828701698173911
0.18327376802088852
0.18266716649976827
0.1829913187835176
0.18211806022514732
0.18244226100081104
0.18237952862755727
0.18269820132498013
0.1820500583971961
0.18246618367857853
0.18229153196690445
0.18220162795761885
0.18206302190231063
0.18200562363964015
0.18169771614721267
0.18127389681541314
0.18183190943831104
0.18136716293076338
0.18117843239994372
0.18109897031622418
0.18090231943938692
0.18097313379837296
0.18132908061399297
0.18135643005371094
0.18168056617348882
0.18153736955028468
0.17981647232831535
0.18061051126253808
0.18018059811349643
0.17993600489729542
0.180501000355866
0.18033525499246889
0.18003803188517942
0.17958831787109375
0.17927114842301708
0.18020435915154925
0.17993286908683132
0.1796773813538632
0.17942826222565214
0.17862596350201107
0.17925745753918665
0.17857402866169558
0.17892281483795683
0.1797215251599328
0.1793084063772428
0.17930409059686175
0.17877276469085177
0.1791671979225288
0.1788412514379469
0.17835390769829185
0.1779986074415304
0.17856256840592724
0.17823274256819385
0.17788172576387049
0.17767875477419062
0.17833486653990666
0.17917303311622748
0.1789298461655439
0.17795077824996688
0.17802883406816902
0.1775498147738182
0.17703486297090174
0.17790109020168499
0.17761127019332626
0.1774212788727324
0.17777585175077795
0.1765143507618015
0.17673254821260095
0.1773081310724808
0.17676702596373478
0.1767785347114175
0.17669648639226365
0.1763496560565496
0.1769827826548431
0.17732600842492055
0.17652214179604742
0.1763298875194485
0.1764513112730899
0.17687230190988315
0.17622883036985235
0.17611891536389368
0.1766223422551559
0.1757241265248444
0.17562989057120632
0.17514435719635527
0.1751026703139483
0.17487855684959283
0.17484121807550979
0.1751750849061093
0.1749731807385461
0.17414804232322564
0.17392116481974973
0.17442948939436573
0.17476140038441804
0.17434443457651946
0.17322585542323227
0.17350455461922337
0.1741568031957594
0.1736158273987851
0.1736359192153155
0.1740641189833819
0.17306377928135758
0.17428441775047174
0.17395134295447398
0.17387268906932765
0.17355731382208356
0.17446645639710506
0.17424404014975337
0.1738969026985815
0.17349424200542904
0.1745573140807071
0.1731779130838685
0.17285776946504236
0.17228296247579283
0.172149658203125
0.17191154673948125
0.17246351403705143
0.17213802014367055
0.17202939825542904
0.17134293055130265
0.1710672378540039
0.17146673040874935
0.17083997241521287
0.17032215958934718
0.17063022872148934
0.17076359765004304
0.1706012790485964
0.1704276456671246
0.17132765559826868
0.17019984681727524
0.17112961461988546
0.17108378976078356
0.17005973751262082
0.17093495191153835
0.16985165870795815
0.16999642323639433
0.16967060606358414
0.16969902232541875
0.17001732325149796
0.17055508241815082
0.16947736578472591
0.1702250949407028
0.16963808415299755
0.1702182575807733
0.1704401727450096
0.16926943245580642
0.16991589433055812
0.16948462340791345
0.16879411471092096
0.16901219901392014
0.16990251056218553
0.1695179050251589
0.16929049411062466
0.1696643344426559
0.16935969207246424
0.16888138399285785
0.16887084508346298
0.16876382342839646
0.167505070314569
0.16816339654437565
0.16835933620646848
0.16771041740805415
0.16789648088358217
0.1676060466443078
0.16779860803636454
0.16781186249296545
0.16838421255855238
0.16731532145354708
0.16672415652517544
0.16735455141229144
0.16720315965555482
0.16672087523896814
0.16755789417331501
0.16746238126593121
0.16684409319344212
0.16626655449301508
0.16667795989472986
0.16639352248886885
0.16657449431338553
0.16648467112395723
0.1662478366140592
0.16698698270118842
0.16619114956613315
0.16586520308155125
0.16656691341076868
0.165325795189809
0.16551934258412507
0.16615549184508244
0.16624644651251325
0.16570058919615666
0.16615482912225238
0.16561044272729905
0.1657143285719015
0.1655864230657028
0.1645941006935249
0.16519257173699847
0.16476395170567398
0.16516156923972955
0.16435424352096298
0.16539111379849708
0.16499467623435846
0.16423133268194684
0.16434132850776284
0.16474023915953556
0.16535831710039559
0.16432361279503774
0.16463945679745431
0.1642574051679191
0.16444125417935646
0.1644447455971928
0.1645120685383425
0.16493706784005893
0.16474293854277014
0.16423320770263672
0.16378234604657707
0.16505239777645822
0.1645026287790072
0.16453523150945115
0.16463079290874935
0.16431540149753376
0.16458563077247748
0.16423419370489606
0.16444757429219908
0.16368065850209382
0.1637831865730932
0.16359128790386654
0.16336481449967724
0.16270816932290288
0.16234029349634202
0.16218069044210143
0.1624964859526036
0.16221883741475768
0.16234425366935085
0.1624317654108597
0.16268516799150887
0.1615001064235881
0.1612685090404446
0.16053051059528933
0.1614387641518803
0.1611747580059504
0.16134116609217758
0.16063855058055812
0.16105189565884864
0.16081283052088852
0.1598480677200576
0.1597938214318227
0.1597174789945958
0.15965869063037938
0.16040388204283634
0.16015498921022578
0.160346871715481
0.16014614751783468
0.15930668782379667
0.1589928481538417
0.15914659985041213
0.15929538920774297
0.15970259197687697
0.1595177084712659
0.159144159090721
0.15929454868122683
0.1588417150206485
0.15945418406341036
0.15896389848094875
0.15982162346274165
0.15935771748171015
0.15954670663607323
0.1583102113109524
0.15847256224034195
0.1586437225341797
0.15874002747616525
0.15805237980212195
0.1588662680933031
0.15844429145425054
0.15836961390608448
0.15851117796817069
0.15848534794177038
0.15810361959166447
0.15782805620613743
0.15770947731147378
0.15722927804720604
0.15742238901429256
0.157251164064569
0.15756634534415553
0.1577270960403701
0.1570782095698987
0.15753986875889664
0.1566572997529628
0.15741524453890526
0.15665196564237951
0.15719051684363414
0.15672623909125893
0.15629936476885262
0.15636576636362884
0.1565051644535388
0.15652213662357653
0.1565770779625844
0.156534227274232
0.1560306872351695
0.1558200706869869
0.15585374023954748
0.15549043881691108
0.15534774327682235
0.15510756282483118
0.15455696946483546
0.1548732498944816
0.15507032103457694
0.15458074666685978
0.15472801661087296
0.15430217678264035
0.15392444093348617
0.15422460588358217
0.15399144059520656
0.1536415714328572
0.15400433944443526
0.15410626944849046
0.15383233862408138
0.15383566840220306
0.15357654377565547
0.15368577989481264
0.15308422153278933
0.1536990990072994
0.15462107577566372
0.15396114931268207
0.15443662869728217
0.15407589734610866
0.15413617279569983
0.15503346717963784
0.15520377078298794
0.15430304963709945
0.15484331421932931
0.15372491286972823
0.15361475540419756
0.15361241162833522
0.15337216652045815
0.1537634154497567
0.15339547496730999
0.15339284023996128
0.15310575194278006
0.15259252968481032
0.1517775745715125
0.1514217570676642
0.15289951583086434
0.15155178005412473
0.15156639228432867
0.1513808945478019
0.1508441052194369
0.1503921767412606
0.15064693709551277
0.1507816637976695
0.1509514663179042
0.150518158734855
0.1510716292817714
0.15139264575505662
0.15125866259558726
0.1510248992402675
0.15104027117713023
0.15097005488508838
0.1513511043483928
0.15134728965112718
0.15095699439614507
0.15087150315106926
0.1511808492369571
0.15103259329068458
0.15067643634343553
0.15055981328931906
0.15120913618702
0.15027728323209083
0.15010547637939453
0.1497992661039708
0.1501652507458703
0.1502572075795319
0.1512555429490946
0.1502799017954681
0.15063625271037473
0.14971986867613712
0.150304988279181
0.14944561457229874
0.15035871732032904
0.1504619081141585
0.14942760790808726
0.15049358949822894
0.14990164869922704
0.1498371221251407
0.14932507983708787
0.1496020818160752
0.14925399069058692
0.14921537496275822
0.14859149415614242
0.14877267611228814
0.1489955126228979
0.1487914101552155
0.14901416584596797
0.14921553660247286
0.14887240781622418
0.14907416650804423
0.14941810349286613
0.1489593053268174
0.14863368212166478
0.14837848534018305
0.14852097074864273
0.1488668959019548
0.1479934433759269
0.1481493610446736
0.1476863602460441
0.14770863419872218
0.14699408967616195
0.14649905188608978
0.14716028763076006
0.1470829268633309
0.14690589904785156
0.1467107999122749
0.14668663477493546
0.1468063613115731
0.14660185474460408
0.1466644254781432
0.14639241816633838
0.14642456830558132
0.14534130742994406
0.1453831882800086
0.1457639791197696
0.1454424938913119
0.14541244506835938
0.14524886567713852
0.14504594317937303
0.1442412036960408
0.14488774639064983
0.14471050844354144
0.14394782761395988
0.14403525853561142
0.14371915590965142
0.14379268581584348
0.14388010057352357
0.1435153767213983
0.14357738171593618
0.1436577166541148
0.14322193598343155
0.14343431440450377
0.14325125742766817
0.14382089194604905
0.14371956000893804
0.14322811062053098
0.14352258585267147
0.14274941460560944
0.1432983430765443
0.14315521110922602
0.14309569536629368
0.14267014648954748
0.14302994033037605
0.1428529125148967
0.14283063856221861
0.14267203767420883
0.1432270599623858
0.14332696947000795
0.1429171481374967
0.142583588422355
0.14258334596278305
0.1423382678274381
0.14221393455893305
0.14233831631935248
0.14216204821053197
0.14200855513750496
0.14237633398023702
0.14249159926075047
0.14231103153552038
0.14238669508594579
0.14192320936817235
0.14127618175441936
0.14209094290005958
0.14190717470847955
0.14188427036091433
0.14195940050028139
0.14120056669590836
0.14094090865830244
0.14104384082858845
0.14187450732214976
0.141134229757018
0.1413741030935514
0.14089002447613216
0.14124020075393937
0.14107199846687962
0.14141163583529198
0.14136248119806838
0.14130275532350703
0.14119907961053363
0.14110319493180615
0.1410962444240764
0.14046614048844677
0.14116098112979178
0.14045096251924158
0.14046313398975438
0.1407190096580376
0.1407456963749255
0.14032829413979742
0.1401888313940016
0.1399947829165701
0.14010636281158964
0.14016507035594875
0.1405944339299606
0.13989041215282375
0.13971690808312368
0.13999222900907873
0.13983146214889267
0.13954683077537408
0.13952549433304093
0.13928444102659063
0.13967743566480734
0.13950380228333553
0.13975872427730238
0.1391118259753211
0.13883451688087592
0.13911909976248013
0.13882966768943658
0.13879784082962296
0.13878746355994273
0.13950590359962592
0.13881103063033798
0.13877823393223648
0.13874603530107918
0.13933689311399297
0.13930708675061243
0.1389756283517611
0.13859722977977687
0.13936855833409195
0.13859218662067996
0.1382075972476248
0.13853574203232588
0.13801259509587693
0.13827561523954748
0.1379763069799391
0.13797747078588454
0.13817058175297106
0.13784427966101695
0.13801093020681607
0.13804752543821172
0.1383223776089943
0.13758423368809586
0.1384911779629982
0.13770942364708852
0.13796056327173264
0.13812753709696107
0.13772765660690048
0.13812427197472524
0.13809147527662374
0.13771286657301046
0.13833947909080377
0.13697798777434786
0.13739088026143736
0.137074486683991
0.1380047717336881
0.13710133504059355
0.1370823747020657
0.13685677415233546
0.1375180745528916
0.1368912519034693
0.13657877000711732
0.13696937237755727
0.1374729447445627
0.13628099732479806
0.13668027974791447
0.13661247188762082
0.1363999156628625
0.13715786044880496
0.1370734845177602
0.13667855020296776
0.1361977205438129
0.13569052744719942
0.13591229713569253
0.1353173175100553
0.13551660311424127
0.13592522831286413
0.1350263013678082
0.13578254893674688
0.13535649897688526
0.13558730432542704
0.1349984670089463
0.13479460700083587
0.13457170583434025
0.13443762569104212
0.13493781170602573
0.1340981176344015
0.13372644327454647
0.1342049614857819
0.13427202580338818
0.13423672368970968
0.1338945970696918
0.13444973250566902
0.13454545554468186
0.13421564587091994
0.13380108041278385
0.13400545766798116
0.13312553147138176
0.13367424981068757
0.13421700364452296
0.13370172856217724
0.13326269893322962
0.13343533014847062
0.13356520765918797
0.13319044598078322
0.1334804033828994
0.13293929019216763
0.13298442000049657
0.1331017623513432
0.1331844491473699
0.1329937546940173
0.13324869285195562
0.1333623659812798
0.13271087711140261
0.1325569880210747
0.1328901193909726
0.13335287773003013
0.13357252185627566
0.13353897353350105
0.13283183210987157
0.13261082212803726
0.13269550517453985
0.13280316530647923
0.13345454102855617
0.13229486497782045
0.13194003347623146
0.13232278015653967
0.13267019239522643
0.13245713508735268
0.1324869737786762
0.13284422987598485
0.1331200033931409
0.13269084186877234
0.13250156984490863
0.1323546878362106
0.1324449878627971
0.1319685305579234
0.13185308747372385
0.1316020933248229
0.13165225012827728
0.13145443544549457
0.13182064638299457
0.13184965262978765
0.13188312821469064
0.1318118370185464
0.13232179415428033
0.1312802363250215
0.1310821953466383
0.13172626495361328
0.13103211128105552
0.13132567324880826
0.1310067015179133
0.13140979055630958
0.13140713158300368
0.13154794402041678
0.1310278682385461
0.13040679188097937
0.13073105731252896
0.1309789883888374
0.13084671052835756
0.13079606880575922
0.1306980424008127
0.13089427301439188
0.13059111772957493
0.13091428401106495
0.13061985727083886
0.1308875164743197
0.1307126546310166
0.13036915407342425
0.13106294405662408
0.13051913148265773
0.13044554500256555
0.13061878236673646
0.13025537587828556
0.1304968736939511
0.13066888259629073
0.13073319903874803
0.1300876665923555
0.1302702467320329
0.13062682394254005
0.1305910045817747
0.13058133044485318
0.13056583727820445
0.13096094939668299
0.13052650225364557
0.13061706090377548
0.12973555063797257
0.13018159543053578
0.13075894016330525
0.1307194111710888
0.13047869730803927
0.1301816035125215
0.13062189393124338
0.1299885006274207
0.13075670953524315
0.13047286211434056
0.1304285485865706
0.12987723592984474
0.12956936076536016
0.12963733834735416
0.12901129156856214
0.12903745295637745
0.1291477074057369
0.12903295129032458
0.12969099465063064
0.12999570167670815
0.12953279786190744
0.12951045117135776
0.12875476125943458
0.12903670941369008
0.12972882642584332
0.1288622759156308
0.12917373139979477
0.12850000898716812
0.12870378817542125
0.1295087620363397
0.12935783095278983
0.12860471111232952
0.12855703547849492
0.12867430509147
0.12786721375028967
0.12796440771070577
0.12811190395031946
0.12801127514596713
0.12768247572042174
0.12793623390844314
0.12743600748353084
0.1271057856284966
0.1278212757433875
0.12757534091755496
0.12762953871387547
0.12765837523896814
0.12768862611156398
0.12756419585923018
0.12784488322371143
0.12698917065636586
0.127249636892545
0.1278557696584928
0.127612558461852
0.1272737373739986
0.12704088728306656
0.12778251453981562
0.12658783540887347
0.12698800685042042
0.1273097183744786
0.1269032914759749
0.12714280920513607
0.12686988054695775
0.12718826229289426
0.126345400082863
0.12727268671585343
0.12655690564947614
0.12639757738275043
0.12652779433686853
0.12676124249474477
0.12577999244302007
0.12611453007843534
0.12588437937073788
0.12603662781796213
0.12587063999499304
0.1257121280088263
0.12573773982161182
0.12563418533842444
0.1256779007992502
0.12550572217521022
0.1257398653838594
0.12532660920741195
0.12532675468315513
0.12603051783674854
0.12571236238641254
0.12559105986255711
0.1256943153122724
0.1250981153067896
0.1253379724793515
0.125240156206034
0.12555877232955673
0.1250882229562533
0.12488387802899895
0.12489032745361328
0.12485825813422768
0.12452869900202347
0.12415215928675764
0.1241502438561391
0.12442347962977522
0.1244764651282359
0.12403678894042969
0.12422364445055946
0.12376843468617585
0.12426133883201469
0.12400190709000927
0.12349021232734292
0.12386322021484375
0.12444954403376175
0.12395446583376092
0.12398213855290817
0.12377119872529628
0.12406048532259667
0.12384056640883624
0.12423622002035885
0.1234599372087899
0.12344632714481676
0.12351346420029462
0.12353050910820396
0.12289187059564105
0.12339352753202794
0.12310799905809305
0.12353527747978599
0.12341312634742867
0.12279022346108646
0.12317087690709001
0.12290939234070859
0.12271702491630943
0.12291945441294524
0.12284235226905953
0.12311593556808213
0.1229155831417795
0.12292899115610931
0.12305898181462692
0.12292286501092425
0.12304980067883507
0.12291892908387266
0.12285834651882366
0.12318467285673497
0.12295372203245002
0.12324294397386454
0.12236474732221184
0.12299477851996987
0.12273562156547935
0.12304554955433991
0.1230776673656399
0.12270992085085076
0.12206692614797819
0.12253147868786828
0.12261783470541744
0.12217322850631455
0.12241218049647444
0.12196262812210341
0.1224513053894043
0.1223830530198954
0.1226508738630909
0.12161958015571206
0.12216521117646816
0.1224067574840481
0.12221402637029098
0.1224822998046875
0.12225418575739457
0.1221358574042886
0.12174192525572695
0.12184387142375364
0.1221585839481677
0.12190788075075311
0.12241684380224195
0.12267440860554324
0.12154451467223086
0.12181969820442846
0.12188959929902675
0.12170879719621044
0.12200464636592542
0.12118253061326884
0.12150124372062036
0.12139774581133309
0.12116188922170866
0.12161220130273852
0.12144265740604723
0.12142932212958901
0.12163065247616525
0.12099714602454234
0.12119040246737206
0.12109234373448259
0.12106636823233911
0.12115884231308759
0.12091174368130958
0.12070347899097507
0.12076065904003079
0.12081088049937103
0.12177384909936938
0.12133431030532062
0.12091831433570992
0.12130880355834961
0.1208784459000927
0.12082482192475917
0.12070337392516055
0.12144395860575014
0.12108367176379188
0.12078645673848815
0.12053682844517595
0.12088070077411199
0.12055660506426277
0.12076178243604757
0.12069485551219876
0.12070080385369769
0.1208901001235186
0.12075808896856793
0.12078136508747683
0.12106534990213685
0.1207215503110724
0.11969544523853366
0.12041394185211698
0.12032259924937103
0.12006287655587923
0.11965493024405786
0.11993628841335491
0.1200762199143232
0.12027832613152972
0.12005775257692498
0.12006543046337063
