0.10611666738986969
0.16690000891685486
0.13545000553131104
0.19378332793712616
0.22004999220371246
0.18763333559036255
0.20391666889190674
0.18324998021125793
0.19608333706855774
0.19971665740013123
0.24774999916553497
0.22048333287239075
0.2551000118255615
0.2947499752044678
0.3039666712284088
0.3313666582107544
0.3436499834060669
0.35569998621940613
0.3614500164985657
0.3718166649341583
0.37841665744781494
0.41440001130104065
0.4074666500091553
0.4112333357334137
0.4079499840736389
0.41484999656677246
0.45239999890327454
0.45524999499320984
0.45036667585372925
0.45936667919158936
0.4635833203792572
0.4736500084400177
0.4746166467666626
0.4877166748046875
0.4884999990463257
0.48481667041778564
0.4821999967098236
0.4870666563510895
0.5075166821479797
0.5076166987419128
0.5242999792098999
0.5283833146095276
0.5320999622344971
0.5371333360671997
0.5473833084106445
0.5574666261672974
0.5603500008583069
0.5689666867256165
0.5702833533287048
0.5682500004768372
0.5770833492279053
0.5819333791732788
0.5871999859809875
0.5881500244140625
0.5885832905769348
0.5947666168212891
0.5962166786193848
0.5966333746910095
0.6076499819755554
0.6061833500862122
0.6097833514213562
0.6101500391960144
0.6150000095367432
0.6182833909988403
0.618566632270813
0.6181166172027588
0.6177667379379272
0.6201000213623047
0.6241166591644287
0.6267666816711426
0.631850004196167
0.6322000026702881
0.6365166902542114
0.6344666481018066
0.6398500204086304
0.6410332918167114
0.6417666673660278
0.6500166654586792
0.649733304977417
0.6516500115394592
0.6533666849136353
0.659416675567627
0.6624499559402466
0.6653667092323303
0.6691166758537292
0.6746999621391296
0.676966667175293
0.676800012588501
0.6852166652679443
0.6864500045776367
0.687749981880188
0.6883166432380676
0.6921666860580444
0.6937500238418579
0.6968833804130554
0.695983350276947
0.6964833736419678
0.7006999850273132
0.7045166492462158
0.7027667164802551
0.7052167057991028
0.7075667381286621
0.7067166566848755
0.7095000147819519
0.70906662940979
0.7117833495140076
0.7116667032241821
0.7137166261672974
0.7166666984558105
0.7141499519348145
0.7172499895095825
0.7193499803543091
0.7177500128746033
0.7225667238235474
0.7214833498001099
0.7284833192825317
0.7289833426475525
0.7288166284561157
0.7288166284561157
0.7333166599273682
0.7384333610534668
0.7431833148002625
0.7472000122070312
0.7459499835968018
0.7486833333969116
0.7502833604812622
0.7517166137695312
0.7517499923706055
0.7573165893554688
0.7583333849906921
0.7597833275794983
0.761116623878479
0.7608332633972168
0.7596499919891357
0.759850025177002
0.7639999985694885
0.7619666457176208
0.765583336353302
0.7649333477020264
0.7659833431243896
0.7677499651908875
0.7696167230606079
0.7688167095184326
0.7694833278656006
0.7696999907493591
0.7701333165168762
0.7703999876976013
0.7714666724205017
0.7772500514984131
0.7756500244140625
0.7765833139419556
0.7751166820526123
0.7774332761764526
0.7795833349227905
0.7777833342552185
0.7799000144004822
0.7795666456222534
0.780500054359436
0.7842000126838684
0.7848833203315735
0.7837833166122437
0.7841500043869019
0.78329998254776
0.7865166664123535
0.789199948310852
0.7886667251586914
0.791450023651123
0.792199969291687
0.7937666773796082
0.7917999625205994
0.7926666736602783
0.7947166562080383
0.7956333160400391
0.7978167533874512
0.7991833090782166
0.79830002784729
0.8041499853134155
0.8043333292007446
0.8077332973480225
0.8095666766166687
0.8105832934379578
0.8099333047866821
0.8136833310127258
0.8125666379928589
0.8137999773025513
0.8160333633422852
0.8146499991416931
0.8168500065803528
0.8175500631332397
0.8192166686058044
0.8197999596595764
0.8221333622932434
0.8228332996368408
0.8219166398048401
0.8207833170890808
0.8215999603271484
0.822700023651123
0.823533296585083
0.8244666457176208
0.8226499557495117
0.826200008392334
0.8249333500862122
0.8266667127609253
0.8252832889556885
0.8284833431243896
0.8292333483695984
0.8282166719436646
0.82833331823349
0.8278167247772217
0.8306499719619751
0.8301999568939209
0.8325166702270508
0.8327833414077759
0.8324832916259766
0.833216667175293
0.8342500329017639
0.8336499929428101
0.8338000178337097
0.8340000510215759
0.8368166089057922
0.8358333110809326
0.8371167182922363
0.8385332822799683
0.8375500440597534
0.8389166593551636
0.8414666652679443
0.8410666584968567
0.8429999947547913
0.8437000513076782
0.8458167314529419
0.8465166687965393
0.8446500301361084
0.8457332849502563
0.8464334011077881
0.8471499681472778
0.8470333814620972
0.8497166633605957
0.8479499816894531
0.8510833382606506
0.850766658782959
0.8501499891281128
0.8500166535377502
0.8515334129333496
0.8543332815170288
0.8528833389282227
0.853950023651123
0.853600025177002
0.8536499738693237
0.8533833622932434
0.855733335018158
0.8550832867622375
0.8562833070755005
0.8570166826248169
0.8585000038146973
0.8585333824157715
0.8566499948501587
0.8576666712760925
0.8564000129699707
0.857366681098938
0.8584999442100525
0.8588833808898926
0.8586333394050598
0.8589333295822144
0.8584166765213013
0.8580500483512878
0.8582333326339722
0.8617333173751831
0.8598999381065369
0.8608999848365784
0.8599666357040405
0.861799955368042
0.8617333173751831
0.8624500036239624
0.8625499606132507
0.8636499643325806
0.8634666800498962
0.8648999929428101
0.864883303642273
0.8651000261306763
0.8654333353042603
0.8660499453544617
0.8660666942596436
0.8654666543006897
0.8658000230789185
0.8666833639144897
0.8673833012580872
0.8668500185012817
0.8688333034515381
0.8687500357627869
0.8688666820526123
0.869700014591217
0.8696333169937134
0.869350016117096
0.8701000213623047
0.8699833154678345
0.870400071144104
0.8719666600227356
0.871833324432373
0.8721000552177429
0.8705166578292847
0.8718500137329102
0.8718999624252319
0.8726500272750854
0.8720166683197021
0.8735166788101196
0.873033344745636
0.8731499910354614
0.873449981212616
0.8734500408172607
0.8729833364486694
0.8739333748817444
0.8723333477973938
0.8737000226974487
0.8739500045776367
0.8742499947547913
0.8741999864578247
0.8744166493415833
0.8751166462898254
0.8747999668121338
0.8761333227157593
0.8752000331878662
0.8755499720573425
0.8767499327659607
0.8757666945457458
0.8766832947731018
0.8763666152954102
0.8766332864761353
0.8765999674797058
0.8767666816711426
0.8765166401863098
0.878516674041748
0.8773499727249146
0.876966655254364
0.8772166967391968
0.8776333332061768
0.8778666257858276
0.8775333166122437
0.8771666884422302
0.8786333799362183
0.8795166611671448
0.8777832984924316
0.877133309841156
0.8778666257858276
0.8780999779701233
0.8784499764442444
0.8797333240509033
0.8794833421707153
0.8795666694641113
0.879966676235199
0.8805999755859375
0.8791500329971313
0.8799333572387695
0.8804166316986084
0.8810999989509583
0.8819999694824219
0.8810499906539917
0.8820500373840332
0.882099986076355
0.8811166286468506
0.881850004196167
0.8818833827972412
0.8831332921981812
0.8820333480834961
0.8846666216850281
0.8839333057403564
0.883650004863739
0.8852499723434448
0.8849833011627197
0.8856499791145325
0.885866641998291
0.8864833116531372
0.8863999843597412
0.885616660118103
0.8859000205993652
0.8855833411216736
0.8853999972343445
0.8858499526977539
0.8856833577156067
0.8876833915710449
0.8867000341415405
0.8874666690826416
0.8874499797821045
0.8877166509628296
0.8880666494369507
0.8885999917984009
0.8903334140777588
0.8893333673477173
0.8901333808898926
0.8900166749954224
0.8899832963943481
0.8906333446502686
0.8907999992370605
0.8906000256538391
0.8911666870117188
0.8915666341781616
0.8913834095001221
0.8917499780654907
0.8915833234786987
0.891700029373169
0.8921166658401489
0.8919333219528198
0.8929500579833984
0.8927333354949951
0.8930166959762573
0.892383337020874
0.8196000456809998
0.8835333585739136
0.8893499970436096
0.8895833492279053
0.8927666544914246
0.8920000195503235
0.8924833536148071
0.8924000263214111
0.891716718673706
0.8934333324432373
0.8925166726112366
0.8924166560173035
0.8932333588600159
0.8952333331108093
0.8939833045005798
0.893583357334137
0.8936833143234253
0.893133282661438
0.8944000005722046
0.895550012588501
0.8961333632469177
0.8961666822433472
0.896233320236206
0.8965833187103271
0.8965333700180054
0.8966333270072937
0.8968333005905151
0.8972833156585693
0.8970000147819519
0.898566722869873
0.8988333344459534
0.8986000418663025
0.8981166481971741
0.8985000252723694
0.8983333110809326
0.8989167213439941
0.8991667032241821
0.8998333215713501
0.900066614151001
0.8996999859809875
0.900066614151001
0.9003000259399414
0.8999333381652832
0.9001500010490417
0.9004833698272705
0.9010832905769348
0.9007333517074585
0.9016000032424927
0.9012666940689087
0.9025166630744934
0.9016333222389221
0.900600016117096
0.9018499851226807
0.9012999534606934
0.9016000032424927
0.9016666412353516
0.9025499820709229
0.9015166759490967
0.9026333689689636
0.9018000364303589
0.9018999934196472
0.9022499918937683
0.9026333093643188
0.9032166004180908
0.9031167030334473
0.903166651725769
0.9033000469207764
0.9030666947364807
0.904116690158844
0.9031833410263062
0.9042499661445618
0.9039833545684814
0.9040833711624146
0.9057166576385498
0.9053332805633545
0.9050666093826294
0.9045833349227905
0.9050499796867371
0.9049166440963745
0.9052500128746033
0.9063166379928589
0.9056499600410461
0.9056665897369385
0.9055500030517578
0.9054000377655029
0.9054333567619324
0.9063832759857178
0.9070999622344971
0.9071500301361084
0.9066500067710876
0.905916690826416
0.9071499705314636
0.9073500037193298
0.9072999954223633
0.9074167013168335
0.9075499773025513
0.9063000082969666
0.9085333347320557
0.9080333113670349
0.9074333310127258
0.9074666500091553
0.9074833393096924
0.909083366394043
0.9079833626747131
0.9081332683563232
0.9082833528518677
0.9083333015441895
0.9089499711990356
0.9079332947731018
0.9081667065620422
0.9079999923706055
0.9086166620254517
0.9093999862670898
0.9083333611488342
0.908633291721344
0.9088333249092102
0.9089333415031433
0.9093666672706604
0.9090999364852905
0.9094499945640564
0.9090499877929688
0.9098166823387146
0.9101166725158691
0.9112000465393066
0.9114832878112793
0.910599946975708
0.9106833934783936
0.9111167192459106
0.9112833738327026
0.9114499688148499
0.9106166362762451
0.9114832878112793
0.9109833240509033
0.912566602230072
0.9123499989509583
0.9122333526611328
0.9118333458900452
0.9123666286468506
0.9129499793052673
0.9127500057220459
0.9127500057220459
0.9120500087738037
0.9124666452407837
0.9129999876022339
0.9123833179473877
0.9120500087738037
0.9122999906539917
0.9125166535377502
0.9126666784286499
0.9131333827972412
0.9127999544143677
0.9132499694824219
0.912183403968811
0.9131333231925964
0.9133166670799255
0.9136333465576172
0.9131999611854553
0.913433313369751
0.9126166701316833
0.9129167199134827
0.9126499891281128
0.9132500290870667
0.913183331489563
0.9137500524520874
0.9138666391372681
0.9134333729743958
0.9127166867256165
0.9144833087921143
0.9145166873931885
0.9147000312805176
0.9147166609764099
0.9136333465576172
0.9150500297546387
0.91388338804245
0.9152499437332153
0.9150166511535645
0.915850043296814
0.9150499701499939
0.9152833223342896
0.9153332710266113
0.9154332876205444
0.915399968624115
0.9156999588012695
0.9160333871841431
0.9154166579246521
0.9155999422073364
0.9156000018119812
0.9153499603271484
0.9162999987602234
0.9159166216850281
0.9160500168800354
0.9167832732200623
0.9166333675384521
0.9165666699409485
0.9172333478927612
0.9168000221252441
0.9174166917800903
0.9172999858856201
0.9167499542236328
0.9164833426475525
0.9176000356674194
0.9178000092506409
0.9171833395957947
0.9183833003044128
0.9178667068481445
0.9180499911308289
0.9177000522613525
0.9186167120933533
0.9185500144958496
0.9178500175476074
0.9190332889556885
0.9192166328430176
0.9182499647140503
0.9179999828338623
0.9187999963760376
0.9192833304405212
0.918583333492279
0.9192500114440918
0.9189500212669373
0.9189333319664001
0.920116662979126
0.9193666577339172
0.919700026512146
0.9188666343688965
0.9188166260719299
0.9201333522796631
0.9197166562080383
0.9193499684333801
0.9198333024978638
0.9200166463851929
0.9202333092689514
0.9199000000953674
0.9204667210578918
0.9203166961669922
0.9204833507537842
0.9203166365623474
0.9203333854675293
0.9205000400543213
0.9207166433334351
0.9198833703994751
0.9213500022888184
0.9200000166893005
0.9207166433334351
0.9203833341598511
0.920616626739502
0.921133279800415
0.9213333129882812
0.9214333295822144
0.9214833378791809
0.9212833046913147
0.9212666749954224
0.9213333129882812
0.9212999939918518
0.9214499592781067
0.921750009059906
0.9219332933425903
0.9218499660491943
0.9211500287055969
0.9210166931152344
0.9217833280563354
0.9213666915893555
0.9213000535964966
0.9218666553497314
0.9217499494552612
0.9213000535964966
0.9214500188827515
0.9220666885375977
0.9222666621208191
0.9221333265304565
0.9226833581924438
0.9224666953086853
0.9231499433517456
0.9236500263214111
0.9225000143051147
0.9238333106040955
0.922783374786377
0.9243500232696533
0.9237833023071289
0.9234166741371155
0.9238333702087402
0.9237332940101624
0.9239500164985657
0.9242666959762573
0.9239500761032104
0.9241833090782166
0.9249500036239624
0.9247333407402039
0.9254333972930908
0.9255666136741638
0.9254499673843384
0.9249666333198547
0.9250166416168213
0.9253166913986206
0.9260499477386475
0.9257833361625671
0.9265333414077759
0.9260333180427551
0.9263166785240173
0.9264000058174133
0.926466703414917
0.9265833497047424
0.9265333414077759
0.9269000291824341
0.926716685295105
0.9272333383560181
0.9273833632469177
0.9274333119392395
0.9276167154312134
0.9277333617210388
0.9280333518981934
0.9276500344276428
0.9275166988372803
0.9277333617210388
0.9280999898910522
0.9282500147819519
0.9276333451271057
0.9283833503723145
0.9282000064849854
0.9279500246047974
0.9276833534240723
0.9283833503723145
0.9290667176246643
0.9283166527748108
0.9278500080108643
0.9279167056083679
0.9282833337783813
0.927466630935669
0.9280833005905151
0.9281500577926636
0.9283666610717773
0.9287832975387573
0.9285666942596436
0.9293500185012817
0.9284499883651733
0.9289499521255493
0.9292500019073486
0.9293833374977112
0.9292666912078857
0.9280833601951599
0.9291333556175232
0.9285166263580322
0.9292166233062744
0.9292833209037781
0.9290832877159119
0.9296500086784363
0.9290333390235901
0.9291666746139526
0.9301999807357788
0.9291833639144897
0.9295833110809326
0.9298332929611206
0.9307166934013367
0.9305166602134705
0.930816650390625
0.9300999641418457
0.9304333329200745
0.930400013923645
0.9306666851043701
0.9311333298683167
0.9311333894729614
0.930316686630249
0.9309166669845581
0.9300000071525574
0.9308333396911621
0.9309999942779541
0.9313666820526123
0.9311333298683167
0.9315999746322632
0.9311667084693909
0.9319333434104919
0.9314333200454712
0.9317833185195923
0.9313499927520752
0.9317333698272705
0.9315500259399414
0.9307500123977661
0.9316833019256592
0.9318666458129883
0.9322999715805054
0.9323166608810425
0.9325166940689087
0.932116687297821
0.9324166774749756
0.9319000244140625
0.9317166805267334
0.9326833486557007
0.9316666126251221
0.9318833351135254
0.9319666624069214
0.9322999715805054
0.9320833683013916
0.932366669178009
0.9321666359901428
0.9325500726699829
0.9323999881744385
0.9325833320617676
0.9324166774749756
0.9321999549865723
0.9323166608810425
0.9320166707038879
0.9335666298866272
0.9326500296592712
0.932866632938385
0.9332666397094727
0.9336999654769897
0.9331833124160767
0.9340000152587891
0.9332833290100098
0.9333999752998352
0.9335333108901978
0.934249997138977
0.934249997138977
0.9334999918937683
0.9338500499725342
0.9339166879653931
0.9335333108901978
0.9338833093643188
0.9348000288009644
0.9344500303268433
0.9341833591461182
0.9338666796684265
0.934249997138977
0.9338667392730713
0.9346500039100647
0.9349833726882935
0.9351166486740112
0.9347667098045349
0.9345666766166687
0.9343499541282654
0.9343666434288025
0.9350666403770447
0.934749960899353
0.9345166683197021
0.9346333742141724
0.9348666667938232
0.934916615486145
0.9351000189781189
0.935783326625824
0.9358833432197571
0.9347833395004272
0.9351166486740112
0.9350166320800781
0.9352999925613403
0.9354000091552734
0.9356666207313538
0.9354333877563477
0.935200035572052
0.9355666637420654
0.93586665391922
0.9345666766166687
0.9349833726882935
0.9351499676704407
0.9347999691963196
0.9359166622161865
0.9348000288009644
0.9356333017349243
0.9356166124343872
0.9350833296775818
0.9347833395004272
0.9351666569709778
0.9353333711624146
0.9354666471481323
0.9355666637420654
0.9356666207313538
0.9364166259765625
0.935699999332428
0.9354333281517029
0.9360166788101196
0.9361333847045898
0.9364333152770996
0.9357333183288574
0.9358999729156494
0.9363666772842407
0.9362833499908447
0.936150074005127
0.9361833333969116
0.9359499216079712
0.9359166622161865
0.9359666705131531
0.9359999895095825
0.9361166954040527
0.9366166591644287
0.9360166788101196
0.9363999962806702
0.93666672706604
0.9358667135238647
0.937000036239624
0.9363499879837036
0.9366166591644287
0.9372666478157043
0.9362666606903076
0.9369499683380127
0.9361000061035156
0.9364999532699585
0.9368499517440796
0.9371166825294495
0.9368166923522949
0.9365333318710327
0.9369000196456909
0.9369332790374756
0.9373666644096375
0.9373666048049927
0.937250018119812
0.9377666115760803
0.938083291053772
0.937666654586792
0.9372666478157043
0.937583327293396
0.9376332759857178
0.9379666447639465
0.9383166432380676
0.9382500052452087
0.9376500248908997
0.9374833106994629
0.93791663646698
0.9380167126655579
0.937833309173584
0.9380666613578796
0.9381332993507385
0.9387999773025513
0.9385333061218262
0.9383000135421753
0.9375500082969666
0.9380166530609131
0.9379833340644836
0.9383000135421753
0.9384833574295044
0.9388666749000549
0.9382833242416382
0.9386333227157593
0.9386833310127258
0.9386667013168335
0.9381666779518127
0.9389500617980957
0.938766598701477
0.9389166831970215
0.9393166899681091
0.9390833377838135
0.9386666417121887
0.9389333724975586
0.9387500286102295
0.9381666779518127
0.93913334608078
0.9390000104904175
0.9389666318893433
0.9393333792686462
0.9391165971755981
0.9389833211898804
0.9390499591827393
0.9393833875656128
0.9393333196640015
0.939216673374176
0.9395332932472229
0.9396333694458008
0.9390332698822021
0.9396833181381226
0.9395666718482971
0.9396166801452637
0.9396166801452637
0.9394999742507935
0.9399500489234924
0.9405166506767273
0.9398999810218811
0.9398000240325928
0.9401333928108215
0.9396500587463379
0.940416693687439
0.9396666884422302
0.9396833181381226
0.9399333000183105
0.940133273601532
0.9410333633422852
0.9399666786193848
0.9404000043869019
0.9403500556945801
0.9401832818984985
0.9404500126838684
0.9407666921615601
0.9404667019844055
0.9402833580970764
0.9404833316802979
0.9399999976158142
0.9407833814620972
0.9406499862670898
0.940583348274231
0.940666675567627
0.9405666589736938
0.9406499862670898
0.9409667253494263
0.9404833316802979
0.9404500126838684
0.9404500126838684
0.9410666823387146
0.9409666657447815
0.9404833316802979
0.940666675567627
0.9413833022117615
0.9413166642189026
0.9407499432563782
0.940666675567627
0.9406000375747681
0.940583348274231
0.9407833814620972
0.9410000443458557
0.9405999779701233
0.940933346748352
0.9411333799362183
0.9412833452224731
0.9413000345230103
0.9416666626930237
0.9418500065803528
0.9416833519935608
0.9411166310310364
0.9421666860580444
0.9418333768844604
0.9410666227340698
0.9418500065803528
0.9417333006858826
0.9408000111579895
0.9414499998092651
0.9414000511169434
0.9419832825660706
0.941266655921936
0.9415667057037354
0.9418666362762451
0.9417499899864197
0.9421833157539368
0.9424500465393066
0.9421666860580444
0.9420166611671448
0.9427499771118164
0.9431166648864746
0.9423332810401917
0.9424999952316284
0.9429833292961121
0.9427666664123535
0.9421166777610779
0.943049967288971
0.9426666498184204
0.9425666928291321
0.9429000020027161
0.9424167275428772
0.9433499574661255
0.9428166151046753
0.9428166151046753
0.943316638469696
0.9422832727432251
0.9427666664123535
0.9433500170707703
0.9435499906539917
0.9432833790779114
0.9434499740600586
0.9449499845504761
0.943933367729187
0.9436500072479248
0.9441333413124084
0.9435166716575623
0.9440000057220459
0.9437000155448914
0.9440999627113342
0.9440333843231201
0.9438499808311462
0.9439666271209717
0.9445499777793884
0.9441166520118713
0.944350004196167
0.9442166686058044
0.9443666934967041
0.9443833827972412
0.9444667100906372
0.944266676902771
0.9446833729743958
0.9447667002677917
0.9447166919708252
0.9441166520118713
0.9446166753768921
0.9439166784286499
0.9448500275611877
0.9445167183876038
0.9442999958992004
0.9450500011444092
0.9446666240692139
0.9445833563804626
0.9447000026702881
0.9450167417526245
0.9451000094413757
0.9453666806221008
0.9452333450317383
0.9451999664306641
0.9448000192642212
0.944766640663147
0.9452333450317383
0.9453499913215637
0.945016622543335
0.9446500539779663
0.944933295249939
0.9452832937240601
0.9454166889190674
0.9451000094413757
0.9452333450317383
0.945449948310852
0.9452999830245972
0.9453166127204895
0.945650041103363
0.9454666376113892
0.9456999897956848
0.945050060749054
0.9449999928474426
0.9455000162124634
0.9457999467849731
0.9456999897956848
0.9457000494003296
0.9465166926383972
0.9457833170890808
0.9460166692733765
0.9456166625022888
0.9460166692733765
0.9458500146865845
0.9457333087921143
0.9453333616256714
0.9460167288780212
0.9466332793235779
0.9466166496276855
0.9457833170890808
0.9463500380516052
0.9461333155632019
0.9457000494003296
0.9463332891464233
0.9462332725524902
0.9464499950408936
0.9465833306312561
0.9467333555221558
0.946983277797699
0.9462167024612427
0.9461666345596313
0.9469833374023438
0.9468833208084106
0.9471666812896729
0.9468166828155518
0.9468833208084106
0.9471166133880615
0.946733295917511
0.9470333456993103
0.9467666149139404
0.9464499950408936
0.9471666812896729
0.9464333653450012
0.9466333389282227
0.9461166858673096
0.9466167092323303
0.9466833472251892
0.9469166994094849
0.9466999769210815
0.9471333026885986
0.9470332860946655
0.9467333555221558
0.9468833208084106
0.9465166330337524
0.9472500085830688
0.9467499852180481
0.9471167325973511
0.9468833208084106
0.9476667046546936
0.947616696357727
0.9473999738693237
0.9470333456993103
0.9472500085830688
0.9473333358764648
0.9478332996368408
0.9470999836921692
0.9474499821662903
0.948283314704895
0.9474166631698608
0.9480833411216736
0.9474833011627197
0.9475499987602234
0.9481832981109619
0.9473666548728943
0.9475499987602234
0.9479333162307739
0.9474833607673645
0.9476333856582642
0.9474999904632568
0.9487833380699158
0.948033332824707
0.9478333592414856
0.9475666880607605
0.9478333592414856
0.9484833478927612
0.9477500319480896
0.9483166337013245
0.9479666948318481
0.9480500221252441
0.9481666684150696
0.9479499459266663
0.947866678237915
0.9482333660125732
0.948449969291687
0.9487667083740234
0.9489166736602783
0.9483832716941833
0.9486500024795532
0.9482333064079285
0.9484999179840088
0.9486833214759827
0.9484832882881165
0.9485666751861572
0.9486666321754456
0.9486166834831238
0.9487000107765198
0.9495500326156616
0.9494166970252991
0.9493333101272583
0.9495667219161987
0.9496666789054871
0.9491000175476074
0.9493333101272583
0.9496166706085205
0.9495666027069092
0.9494667053222656
0.9495166540145874
0.9497666954994202
0.9494166374206543
0.9497499465942383
0.9498499631881714
0.9491833448410034
0.949483335018158
0.9500166773796082
0.9498000144958496
0.9497500061988831
0.9492499828338623
0.949733316898346
0.9496500492095947
0.9497833251953125
0.9496333599090576
0.950616717338562
0.949733316898346
0.950083315372467
0.9492999315261841
0.9497833251953125
0.9497166872024536
0.949916660785675
0.9500833749771118
0.9501166939735413
0.9497500061988831
0.9496999979019165
0.9503499865531921
0.9502999782562256
0.9499499797821045
0.9499499797821045
0.9500666856765747
0.9491999745368958
0.9500833749771118
0.9497500061988831
0.9501333236694336
0.9502333402633667
0.9505000114440918
0.9502167105674744
0.9508166909217834
0.9502999782562256
0.9500666856765747
0.9501667022705078
0.9510166645050049
0.9499499797821045
0.950499951839447
0.9505333304405212
0.9502999782562256
0.9504500031471252
0.9506666660308838
0.9507499933242798
0.9509833455085754
0.9508499503135681
0.95045006275177
0.9508000016212463
0.9509666562080383
0.9505499601364136
0.9513000249862671
0.9509666562080383
0.9510999917984009
0.9508832693099976
0.951449990272522
0.951366662979126
0.9510833024978638
0.9514166712760925
0.951366662979126
0.9513833522796631
0.9517499804496765
0.9510499835014343
0.9520333409309387
0.9515500068664551
0.9511332511901855
0.9515000581741333
0.9513499736785889
0.9517999887466431
0.9511333703994751
0.951449990272522
0.9517666101455688
0.9512500166893005
0.9513166546821594
0.9513833522796631
0.9514833688735962
0.951783299446106
0.9519833326339722
0.9516666531562805
0.9517666697502136
0.9519166946411133
0.9519000053405762
0.9515833854675293
0.9516167044639587
0.9517999887466431
0.9515166878700256
0.9518333673477173
0.9513832926750183
0.951533317565918
0.9517666697502136
0.9521166682243347
0.9520167112350464
0.9516666531562805
0.9524832963943481
0.9519000053405762
0.9515833258628845
0.9512166976928711
0.9515833258628845
0.9524833559989929
0.9520166516304016
0.9524500370025635
0.9523333311080933
0.9522500038146973
0.9526999592781067
0.9521166682243347
0.9528166651725769
0.9525166749954224
0.9529832601547241
0.9524166584014893
0.9528666734695435
0.9519666433334351
0.9521500468254089
0.9528166651725769
0.9532999992370605
0.9528999328613281
0.9531499743461609
0.9528833031654358
0.9527666568756104
0.9532833695411682
0.9532666802406311
0.9533499479293823
0.95333331823349
0.9535833597183228
0.9532666206359863
0.9529666304588318
0.9536499977111816
0.9535332918167114
0.9531332850456238
0.9536666870117188
0.953583300113678
0.9533999562263489
0.9532166719436646
0.9539333581924438
0.9534833431243896
0.95291668176651
0.9533500671386719
0.9534499645233154
0.9535167217254639
0.9534333348274231
0.9536333084106445
0.9534499645233154
0.9536999464035034
0.9533666968345642
0.9535333514213562
0.9534833431243896
0.9539833068847656
0.9535333514213562
0.9532999992370605
0.9538499712944031
0.9531999826431274
0.9540500044822693
0.9531333446502686
0.953416645526886
0.9534499645233154
0.9541499614715576
0.9535833597183228
0.9530333280563354
0.9537832736968994
0.9539333581924438
0.9533666372299194
0.9537000060081482
0.9534000158309937
0.9536166191101074
0.953416645526886
0.9537500143051147
0.95333331823349
0.9537999629974365
0.9536833763122559
0.9539833068847656
0.9545167088508606
0.9535166621208191
0.9541332721710205
0.9538666605949402
0.9537000060081482
0.9542999863624573
0.9541333913803101
0.9542499780654907
0.9541666507720947
0.9547500014305115
0.9538999795913696
0.9546833038330078
0.9547666907310486
0.9551333785057068
0.9548666477203369
0.95496666431427
0.9549165964126587
0.9548166990280151
0.9549999833106995
0.9550666809082031
0.9547166228294373
0.9544666409492493
0.9548333883285522
0.9554499387741089
0.9549500346183777
0.955549955368042
0.9547166228294373
0.9555667042732239
0.9545666575431824
0.954216718673706
0.9549000263214111
0.9550000429153442
0.9554833173751831
0.9553166627883911
0.954800009727478
0.9546833038330078
0.9553500413894653
0.9550833106040955
0.9551666975021362
0.9549000263214111
0.9554000496864319
0.955299973487854
0.9551666975021362
0.9559667110443115
0.9559333324432373
0.9553166627883911
0.9558833241462708
0.9559833407402039
0.9560500383377075
0.9569333791732788
0.9563167095184326
0.9557499885559082
0.9563667178153992
0.9563833475112915
0.9567666053771973
0.9569833278656006
0.9562166929244995
0.9560332894325256
0.9559833407402039
0.9558166265487671
0.9563833475112915
0.9561333656311035
0.9563666582107544
0.9563500285148621
0.9559000730514526
0.9559999704360962
0.95579993724823
0.9567332863807678
0.9563499689102173
0.9561333656311035
0.9558166861534119
0.9560332894325256
0.9571166634559631
0.9565166234970093
0.9564999938011169
0.9564000368118286
0.9569000005722046
0.9573333263397217
0.9566499590873718
0.9560832977294922
0.9567000269889832
0.9567999839782715
0.9574666619300842
0.9562667012214661
0.9568833112716675
0.9567333459854126
0.9570000171661377
0.9568833112716675
0.9568166732788086
0.9566666483879089
0.9570500254631042
0.9569666981697083
0.9570666551589966
0.9573500156402588
0.9569500088691711
0.9574166536331177
0.9571666717529297
0.9576500058174133
0.9572333097457886
0.9572499990463257
0.9565500020980835
0.9569499492645264
0.9576166868209839
0.9572333693504333
0.9574999809265137
0.957099974155426
0.9575000405311584
0.9572499990463257
0.9571166634559631
0.9576499462127686
0.9574999809265137
0.9575666785240173
0.9576166868209839
0.9576500058174133
0.9575333595275879
0.9576833248138428
0.9584000110626221
0.9576166868209839
0.9579833745956421
0.957800030708313
0.9574833512306213
0.9576166868209839
0.957966685295105
0.9580667018890381
0.9579000473022461
0.9584832787513733
0.9585833549499512
0.9581832885742188
0.9581999778747559
0.9575833082199097
0.9580999612808228
0.9576833248138428
0.9581666588783264
0.9584667086601257
0.9579166769981384
0.9581666588783264
0.9588333368301392
0.9579499959945679
0.958299994468689
0.9589667320251465
0.9584333300590515
0.9584167003631592
0.9586166143417358
0.9587999582290649
0.9586499929428101
0.9589667320251465
0.959149956703186
0.9584167003631592
0.9588499665260315
0.9588333368301392
0.9591333866119385
0.9586666822433472
0.9582999348640442
0.9586666226387024
0.9592499732971191
0.9587500095367432
0.9586333632469177
0.9584166407585144
0.9585666656494141
0.9589000344276428
0.9584832787513733
0.9582833647727966
0.9584999680519104
0.9592000246047974
0.9586000442504883
0.9590499401092529
0.9594666957855225
0.9590666890144348
0.9593999981880188
0.9590666890144348
0.9592499732971191
0.9597166180610657
0.959350049495697
0.9593833684921265
0.9591333270072937
0.9596333503723145
0.9591166377067566
0.9590999484062195
0.958466649055481
0.9589666724205017
0.9589667320251465
0.9589167237281799
0.958549976348877
0.9593666791915894
0.9592999815940857
0.959233283996582
0.9598166942596436
0.959516704082489
0.9594833850860596
0.9598166942596436
0.9595500230789185
0.959766685962677
0.9591833353042603
0.9592333436012268
0.9593833684921265
0.9597833156585693
0.9596999883651733
0.9596666693687439
0.9599999785423279
0.960099995136261
0.9595999717712402
0.9601166248321533
0.9598666429519653
0.9599000215530396
0.9594833850860596
0.9601833820343018
0.9602333307266235
0.9599999785423279
0.9595333337783813
0.9599332809448242
0.960349977016449
0.959850013256073
0.9601333141326904
0.9601000547409058
0.9604500532150269
0.9601333141326904
0.9602000117301941
0.9604333639144897
0.9607334136962891
0.9601833820343018
0.9601333141326904
0.9598166942596436
0.9598833322525024
0.9596332907676697
0.9606333374977112
0.9599332809448242
0.9603332877159119
0.9597833156585693
0.9606167078018188
0.9601500034332275
0.9602999687194824
0.9600499868392944
0.9607332944869995
0.9603499174118042
0.9604833126068115
0.9607333540916443
0.9611499309539795
0.9611166715621948
0.9608500003814697
0.9604833126068115
0.9602166414260864
0.9602667093276978
0.9602999687194824
0.9609832763671875
0.9610000252723694
0.9602667093276978
0.960766613483429
0.9602833390235901
0.9602833390235901
0.9601333141326904
0.9601999521255493
0.9606000185012817
0.9605333209037781
0.960016667842865
0.9601333141326904
0.9613000154495239
0.9608333110809326
0.9605333209037781
0.9606833457946777
0.9602333307266235
0.9609166383743286
0.9612499475479126
0.9609000086784363
0.9610500335693359
0.9611833095550537
0.9609166979789734
0.9607499837875366
0.9610333442687988
0.9608166217803955
0.9607332944869995
0.9613332748413086
0.9616999626159668
0.961650013923645
0.9614332914352417
0.9617833495140076
0.9617166519165039
0.9614999890327454
0.9611999988555908
0.9616666436195374
0.9619166851043701
0.9618499875068665
0.9615333080291748
0.9621000289916992
0.9617499709129333
0.9616166949272156
0.9615833163261414
0.9616000056266785
0.9624166488647461
0.9620500206947327
0.9618332982063293
0.9620333313941956
0.9624166488647461
0.9620333909988403
0.9617500305175781
0.9617166519165039
0.961733341217041
0.961650013923645
0.961816668510437
0.9614832997322083
0.9621832966804504
0.9627000093460083
0.962149977684021
0.9623833298683167
0.9619166254997253
0.9620333313941956
0.9623000025749207
0.9617999792098999
0.9621666669845581
0.9619000554084778
0.962149977684021
0.9623500108718872
0.9622166752815247
0.9624999761581421
0.9624667167663574
0.9626500010490417
0.9622499942779541
0.9629499912261963
0.9620833396911621
0.9624166488647461
0.9622499942779541
0.9627999663352966
0.9624665975570679
0.962483286857605
0.9622666835784912
0.9627000093460083
0.9622499942779541
0.9617999792098999
0.9616000056266785
0.9621833562850952
0.9621832966804504
0.9624667167663574
0.9622000455856323
0.9623500108718872
0.9620000123977661
0.9621500372886658
0.9622833132743835
0.9628000259399414
0.9626666903495789
0.9624166488647461
0.9625166654586792
0.9625666737556458
0.9620332717895508
0.9627166390419006
0.9631167054176331
0.9624333381652832
0.9625166654586792
0.9634166955947876
0.962516725063324
0.9625332951545715
0.9631833434104919
0.9629666805267334
0.9623832702636719
0.9632333517074585
0.9629666805267334
0.9631167054176331
0.9631833434104919
0.9633666276931763
0.9633333683013916
0.962850034236908
0.962683379650116
0.9631832838058472
0.9626666307449341
0.9628167152404785
0.9629000425338745
0.9627499580383301
0.9629666209220886
0.9628666639328003
0.9627666473388672
0.9627500176429749
0.9635166525840759
0.9628666639328003
0.9632333517074585
0.9631167054176331
0.9626333117485046
0.9631500244140625
0.9626166820526123
0.9624500274658203
0.9627000093460083
0.9627833366394043
0.9625666737556458
0.9626333117485046
0.9629333019256592
0.9622166752815247
0.9627000093460083
0.9634333252906799
0.963100016117096
0.9627000093460083
0.9632999897003174
0.9634333252906799
0.9631667137145996
0.9629333019256592
0.9636666774749756
0.9631833434104919
0.9631500244140625
0.9635000228881836
0.9633833169937134
0.9632500410079956
0.9633166193962097
0.9639999866485596
0.963699996471405
0.9634166955947876
0.9632166624069214
0.9633833169937134
0.9631667137145996
0.9634999632835388
0.9631833434104919
0.9634333252906799
0.9638999700546265
0.9631999731063843
0.9639999866485596
0.963366687297821
0.9636000394821167
0.9636833071708679
0.964316725730896
0.9640499949455261
0.964033305644989
0.9637166857719421
0.9637166261672974
0.9636499881744385
0.9637167453765869
0.9640666842460632
0.9637166857719421
0.9641166925430298
0.9635833501815796
0.9633166193962097
0.9634333252906799
0.9638999700546265
0.9634833335876465
0.9637500047683716
0.9635000228881836
0.9637333750724792
0.9634667038917542
0.963533341884613
0.9636666774749756
0.9637333750724792
0.9637333750724792
0.9642833471298218
0.9637500047683716
0.964116632938385
0.9641666412353516
0.9639000296592712
0.9639000296592712
0.9635000228881836
0.9636333584785461
0.9635334014892578
0.9642000198364258
0.9639166593551636
0.9635332822799683
0.9638166427612305
0.9638333320617676
0.9638499617576599
0.9641500115394592
0.9640833139419556
0.9643332958221436
0.963949978351593
0.9640833735466003
0.9638167023658752
0.9642500281333923
0.9638166427612305
0.9641166925430298
0.9636499881744385
0.9646000266075134
0.9637666344642639
0.9637333154678345
0.9644166231155396
0.9638167023658752
0.964199960231781
0.9638833403587341
0.9640499949455261
0.9640666246414185
0.9641500115394592
0.9641500115394592
0.9643166065216064
0.9646666646003723
0.9641500115394592
0.9639166593551636
0.9641499519348145
0.9645833373069763
0.9641333818435669
0.9639999866485596
0.9642500281333923
0.9645833373069763
0.9642999768257141
0.9640166759490967
0.9647833108901978
0.9645500183105469
0.9642166495323181
0.9648500084877014
0.9643332958221436
0.9648666381835938
0.9644833207130432
0.9650000333786011
0.9648000001907349
0.9652500152587891
0.9647000432014465
0.9645166993141174
0.9646166563034058
0.9650999903678894
0.9647499918937683
0.9648666977882385
0.9645333290100098
0.9648666381835938
0.9647166728973389
0.9645500183105469
0.9646666646003723
0.9649166464805603
0.9650000333786011
0.9652833342552185
0.9653333425521851
0.9649666547775269
0.9650833606719971
0.964816689491272
0.9649500250816345
0.9648666381835938
0.964900016784668
0.9649333357810974
0.9651666879653931
0.964900016784668
0.9648333787918091
0.9653167128562927
0.964900016784668
0.9651333689689636
0.9650000333786011
0.9656000137329102
0.9646166563034058
0.9648333191871643
0.9653333425521851
0.9653500318527222
0.965666651725769
0.9652833342552185
0.965583324432373
0.9652833342552185
0.9653667211532593
0.9654666781425476
0.965499997138977
0.9656167030334473
0.9650000333786011
0.965499997138977
0.9661166667938232
0.9650999903678894
0.965149998664856
0.9657167196273804
0.9651333093643188
0.965666651725769
0.9655166864395142
0.9656333923339844
0.9658167362213135
0.965749979019165
0.965233325958252
0.9657332897186279
0.9655999541282654
0.9652832746505737
0.9660499691963196
0.9654000401496887
0.9656333327293396
0.9657999873161316
0.9653000235557556
0.9656167030334473
0.9650166630744934
0.9652499556541443
0.9655333161354065
0.965399980545044
0.9659500122070312
0.9656167030334473
0.9655000567436218
0.9657333493232727
0.9654833078384399
0.9652333855628967
0.9655166864395142
0.964983344078064
0.9649333357810974
0.9653167128562927
0.9646499752998352
0.965149998664856
0.9653832912445068
0.9652833342552185
0.965499997138977
0.9656166434288025
0.9658500552177429
0.9654499888420105
0.9655666351318359
0.965399980545044
0.9660000205039978
0.9656999707221985
0.9656166434288025
0.9655500054359436
0.9661000370979309
0.9658499956130981
0.9660666584968567
0.965499997138977
0.9654833078384399
0.9660333395004272
0.9652667045593262
0.9662166833877563
0.9660333395004272
0.9657833576202393
0.9659333229064941
0.9660166501998901
0.9658333659172058
0.9659500122070312
0.965916633605957
