0.15520000457763672
0.15248332917690277
0.17626667022705078
0.1897166669368744
0.1815333366394043
0.21543334424495697
0.2219499945640564
0.2165166735649109
0.26393333077430725
0.26963335275650024
0.3105500042438507
0.3334333300590515
0.3157833218574524
0.31386667490005493
0.33596667647361755
0.34549999237060547
0.34825003147125244
0.36801669001579285
0.3763333261013031
0.40495002269744873
0.43408331274986267
0.4293833374977112
0.4375
0.44501668214797974
0.4496999979019165
0.4498833417892456
0.4533666670322418
0.4441833198070526
0.45774999260902405
0.4742833375930786
0.4717833399772644
0.4941166639328003
0.5105000138282776
0.5193666815757751
0.5216166377067566
0.5238333344459534
0.5315166711807251
0.5344499945640564
0.5449333190917969
0.5570166707038879
0.5580832958221436
0.5581666827201843
0.5666166543960571
0.5647166967391968
0.5646833181381226
0.5756000280380249
0.5782166719436646
0.5774166584014893
0.5738333463668823
0.5759834051132202
0.582800030708313
0.5956833362579346
0.5931000113487244
0.5939666032791138
0.593583345413208
0.6033666729927063
0.608466625213623
0.6087000370025635
0.6151833534240723
0.6122333407402039
0.6112333536148071
0.6146833896636963
0.617816686630249
0.6283667087554932
0.6280166506767273
0.6336833238601685
0.6306666731834412
0.6322333216667175
0.6360499858856201
0.6434500217437744
0.6475499868392944
0.654449999332428
0.65666663646698
0.6582167148590088
0.6616166234016418
0.6602500081062317
0.6591166257858276
0.6651166677474976
0.6670500040054321
0.6697166562080383
0.6735000014305115
0.6700500249862671
0.6744166612625122
0.6780333518981934
0.6830333471298218
0.687749981880188
0.6879667043685913
0.6875666379928589
0.6895666718482971
0.6931333541870117
0.6912167072296143
0.694599986076355
0.6976333260536194
0.6961666345596313
0.6994999647140503
0.7031166553497314
0.7058500051498413
0.7060166597366333
0.7078999876976013
0.7093000411987305
0.7138333320617676
0.7132166624069214
0.7192332744598389
0.7203499674797058
0.7207832932472229
0.7247833013534546
0.7249667048454285
0.7289000153541565
0.7300499677658081
0.7304832935333252
0.7270833253860474
0.7323000431060791
0.7337166666984558
0.7363166809082031
0.73580002784729
0.7360999584197998
0.7372666597366333
0.7355833649635315
0.7363499999046326
0.737766683101654
0.7398166656494141
0.7385833263397217
0.7392666339874268
0.7421833276748657
0.7448333501815796
0.7493166923522949
0.7478833198547363
0.7490666508674622
0.7499499917030334
0.7533166408538818
0.7556332945823669
0.754966676235199
0.7567999958992004
0.7568000555038452
0.7586999535560608
0.7597166299819946
0.7611500024795532
0.7615499496459961
0.7633000016212463
0.7641499638557434
0.7646166682243347
0.7671666741371155
0.7680667042732239
0.7687666416168213
0.7720166444778442
0.7734833359718323
0.7737333178520203
0.7737500071525574
0.7746167182922363
0.7725167274475098
0.7729833722114563
0.7725833654403687
0.7750999927520752
0.7788000106811523
0.7763500213623047
0.777066707611084
0.7768166661262512
0.7786666750907898
0.7786666750907898
0.7812833189964294
0.781499981880188
0.7835000157356262
0.7786333560943604
0.7797833681106567
0.7812833189964294
0.7815499901771545
0.7830333709716797
0.7834999561309814
0.7816833257675171
0.7810666561126709
0.728683352470398
0.7782999873161316
0.7820666432380676
0.7848166823387146
0.7872000336647034
0.7895166873931885
0.7902500033378601
0.7906000018119812
0.7900999784469604
0.7917500138282776
0.7908333539962769
0.7963666915893555
0.7951332926750183
0.7962333559989929
0.7982999682426453
0.7975000143051147
0.7977499961853027
0.7968666553497314
0.7979666590690613
0.7973833680152893
0.7954833507537842
0.7957000136375427
0.7968999743461609
0.7970000505447388
0.800166666507721
0.7979166507720947
0.7996000051498413
0.8007000088691711
0.8008500337600708
0.8002333641052246
0.8049499988555908
0.8041166663169861
0.8074333667755127
0.8075166940689087
0.8088333606719971
0.8102999925613403
0.8078666925430298
0.808899998664856
0.8123500347137451
0.81086665391922
0.8112166523933411
0.8136666417121887
0.8122333288192749
0.814633309841156
0.8132666349411011
0.8136833906173706
0.8133167028427124
0.8145666718482971
0.8136166930198669
0.8157666921615601
0.8154333233833313
0.8146166801452637
0.8176666498184204
0.8170832991600037
0.8187833428382874
0.8202166557312012
0.8192499876022339
0.8208667039871216
0.8179000020027161
0.819849967956543
0.8200500011444092
0.8212500214576721
0.8207666873931885
0.8228166699409485
0.8234666585922241
0.8223167061805725
0.8253999948501587
0.8233999609947205
0.82464998960495
0.8242666125297546
0.8252500295639038
0.8251000642776489
0.8262166380882263
0.8251833319664001
0.8260833024978638
0.8281667232513428
0.8256000280380249
0.8275499939918518
0.8292666673660278
0.8283999562263489
0.8300833106040955
0.8314833641052246
0.8312833309173584
0.8307499885559082
0.8305332660675049
0.8312166333198547
0.8325166702270508
0.8332499861717224
0.833383321762085
0.8343833088874817
0.8343833088874817
0.8320499658584595
0.8349999785423279
0.834933340549469
0.8358833193778992
0.8344166278839111
0.83555006980896
0.8362666368484497
0.8369333744049072
0.8374166488647461
0.8380333185195923
0.8376833200454712
0.8369166851043701
0.8383666276931763
0.8386999368667603
0.8395166397094727
0.8414499759674072
0.8411833047866821
0.8429666757583618
0.8431666493415833
0.8434833288192749
0.84416663646698
0.8436499834060669
0.8445333242416382
0.8455666303634644
0.8464499711990356
0.8456500172615051
0.8468332886695862
0.8462833166122437
0.8467666506767273
0.8482832908630371
0.8483333587646484
0.8460999727249146
0.8485333919525146
0.8480833172798157
0.8485000133514404
0.8495166897773743
0.8520166873931885
0.8520166277885437
0.8510500192642212
0.8519499897956848
0.8535332679748535
0.8538833856582642
0.8540832996368408
0.854449987411499
0.853350043296814
0.853866696357727
0.8549000024795532
0.8544166684150696
0.8547833561897278
0.8562499284744263
0.8556000590324402
0.856616735458374
0.8566333055496216
0.8581333756446838
0.8580833077430725
0.8582167029380798
0.8584499359130859
0.8583499193191528
0.8585666418075562
0.8592833280563354
0.8598499894142151
0.8602833151817322
0.8613000512123108
0.859499990940094
0.8590166568756104
0.8596999645233154
0.8607333302497864
0.8609166741371155
0.8611500263214111
0.8615333437919617
0.8622000217437744
0.8620499968528748
0.8627833127975464
0.863349974155426
0.8630833029747009
0.8634499907493591
0.8647000193595886
0.8644166588783264
0.8655833601951599
0.8652833700180054
0.8652499914169312
0.8654167056083679
0.8652999997138977
0.8654000163078308
0.8667333126068115
0.8669166564941406
0.8666166067123413
0.8663166761398315
0.8668000102043152
0.8672333359718323
0.8666000366210938
0.8684499859809875
0.8669000267982483
0.8673999905586243
0.8680167198181152
0.8692333698272705
0.8691333532333374
0.868399977684021
0.8683666586875916
0.8685500025749207
0.8685000538825989
0.8689166307449341
0.8708333969116211
0.8698499798774719
0.8697667121887207
0.8695666790008545
0.8700833320617676
0.8712499737739563
0.869700014591217
0.871749997138977
0.8720333576202393
0.8719666600227356
0.8710166811943054
0.8720499873161316
0.871566653251648
0.8712666630744934
0.8744666576385498
0.8728166818618774
0.8724833726882935
0.8728833198547363
0.870983362197876
0.871999979019165
0.8735166788101196
0.8727333545684814
0.8727499842643738
0.8729166984558105
0.8731666803359985
0.8727332949638367
0.87458336353302
0.8738666772842407
0.8737167119979858
0.8734166622161865
0.8739500045776367
0.8748666644096375
0.8748666048049927
0.8751499652862549
0.8769166469573975
0.876716673374176
0.8755000233650208
0.8774166703224182
0.8764333128929138
0.8771833181381226
0.8768666386604309
0.8772000074386597
0.8777999877929688
0.8772667050361633
0.8769500255584717
0.8770166635513306
0.8779500126838684
0.8775166273117065
0.8773499727249146
0.8771666288375854
0.8772500157356262
0.8780500292778015
0.8776000142097473
0.8785499930381775
0.8783499598503113
0.8798000812530518
0.8796166181564331
0.8792833089828491
0.8790832757949829
0.8789833188056946
0.8793999552726746
0.8797833323478699
0.8797833323478699
0.8794666528701782
0.8796833157539368
0.8816500306129456
0.8806500434875488
0.8809167146682739
0.8801000118255615
0.8811333179473877
0.8807333707809448
0.8823500275611877
0.8821333050727844
0.882683277130127
0.8830000162124634
0.8838666677474976
0.8843666911125183
0.8845499753952026
0.8849999904632568
0.8854333162307739
0.884516716003418
0.8860167264938354
0.8867000341415405
0.8871666789054871
0.8861666917800903
0.8868833184242249
0.8866333365440369
0.8866000175476074
0.8861333727836609
0.8875499963760376
0.8868333101272583
0.8872500061988831
0.8878333568572998
0.886816680431366
0.886483371257782
0.887416660785675
0.8870000243186951
0.8870999813079834
0.8883333206176758
0.8890166878700256
0.888616681098938
0.8877333402633667
0.8877999782562256
0.888200044631958
0.8886833190917969
0.88878333568573
0.8898833394050598
0.8889833688735962
0.8899166584014893
0.8896166682243347
0.890666663646698
0.8898833394050598
0.8897500038146973
0.889883279800415
0.8900499939918518
0.8898333311080933
0.8900333642959595
0.8898500204086304
0.890749990940094
0.8909167051315308
0.8911166191101074
0.890999972820282
0.8918833136558533
0.8909000158309937
0.8913832902908325
0.8915500044822693
0.8916667103767395
0.8919000029563904
0.8922500014305115
0.8916833400726318
0.893666684627533
0.8932999968528748
0.8932833671569824
0.8937333226203918
0.8940666913986206
0.8934999704360962
0.8939499855041504
0.8946833610534668
0.8938166499137878
0.8940999507904053
0.8942999839782715
0.8942499756813049
0.8947832584381104
0.8945833444595337
0.8947499990463257
0.8959667086601257
0.8953166604042053
0.895216703414917
0.895799994468689
0.8962833285331726
0.8962500095367432
0.8952666521072388
0.8959499597549438
0.895550012588501
0.8958666324615479
0.8970500230789185
0.896399974822998
0.8962500095367432
0.8968166708946228
0.8963832855224609
0.8955166339874268
0.8962666392326355
0.8952666521072388
0.896399974822998
0.8967666625976562
0.8982833623886108
0.8982166647911072
0.8970499634742737
0.8973333239555359
0.8997666835784912
0.898016631603241
0.8987000584602356
0.8982332944869995
0.899066686630249
0.8990999460220337
0.898983359336853
0.8997833132743835
0.8994500041007996
0.9001500010490417
0.8999999761581421
0.9015833139419556
0.9012500047683716
0.9010666608810425
0.9002500176429749
0.9005833864212036
0.9014333486557007
0.9014500379562378
0.901283323764801
0.9016499519348145
0.9014999866485596
0.9020500183105469
0.9018500447273254
0.9024333953857422
0.9025333523750305
0.9029333591461182
0.9028666019439697
0.9032833576202393
0.9033666849136353
0.9024666547775269
0.9031500220298767
0.9030500054359436
0.9034833312034607
0.9035833477973938
0.9032832980155945
0.9041000008583069
0.9048666954040527
0.9049167037010193
0.9042166471481323
0.905066728591919
0.905216634273529
0.9052833318710327
0.9052000045776367
0.9051333069801331
0.9055666923522949
0.9064832925796509
0.906333327293396
0.9057999849319458
0.9059333801269531
0.9070166349411011
0.9068833589553833
0.9064832925796509
0.9065500497817993
0.9065666794776917
0.9066166877746582
0.9075000286102295
0.9080666899681091
0.9078166484832764
0.9069833159446716
0.9079500436782837
0.9072666168212891
0.9081499576568604
0.9079833030700684
0.9083166718482971
0.9091166853904724
0.9089500308036804
0.9083999991416931
0.9087666869163513
0.90871661901474
0.9085500240325928
0.9092832803726196
0.9106333255767822
0.9092000126838684
0.9107999801635742
0.9094833135604858
0.909500002861023
0.9094833135604858
0.9087666869163513
0.9085333347320557
0.9093999862670898
0.909766674041748
0.9099833369255066
0.9097000360488892
0.9093500375747681
0.909683346748352
0.9104833602905273
0.9106166362762451
0.909333348274231
0.9108833074569702
0.9112833142280579
0.9107500314712524
0.9107500314712524
0.909766674041748
0.9106166958808899
0.9108166694641113
0.9112000465393066
0.9114832878112793
0.9112499952316284
0.9110332727432251
0.9109833240509033
0.9118833541870117
0.9119999408721924
0.9123499989509583
0.9114999771118164
0.9128166437149048
0.9122999906539917
0.9127500057220459
0.9125000238418579
0.9121666550636292
0.9128166437149048
0.9122499823570251
0.9118500351905823
0.9121500253677368
0.9135000109672546
0.9130666851997375
0.9132333397865295
0.9123666286468506
0.9132500290870667
0.9136999845504761
0.9133666753768921
0.9135833382606506
0.9135167002677917
0.9134166836738586
0.9137166738510132
0.9134666919708252
0.9141499996185303
0.9130500555038452
0.9133166670799255
0.9141166806221008
0.9142833352088928
0.9146499633789062
0.9140833020210266
0.9144166707992554
0.9149500131607056
0.9155166745185852
0.9153167009353638
0.9141833186149597
0.9147833585739136
0.9140000343322754
0.9148666858673096
0.9153833389282227
0.9153499603271484
0.9151667356491089
0.9150500297546387
0.9151999950408936
0.9157500267028809
0.9147832989692688
0.9157999753952026
0.9148666858673096
0.9148833751678467
0.9158166646957397
0.9148666858673096
0.9149333238601685
0.9165166616439819
0.9162499904632568
0.9160666465759277
0.9158333539962769
0.9154999852180481
0.9157833456993103
0.9162833094596863
0.9163833260536194
0.9158499836921692
0.916866660118103
0.9161666631698608
0.9166833162307739
0.9162000417709351
0.9164999723434448
0.9169000387191772
0.9175000190734863
0.9168166518211365
0.9166666865348816
0.9157333374023438
0.9171333312988281
0.916783332824707
0.9167499542236328
0.9167166948318481
0.9171333312988281
0.9165166616439819
0.9170500040054321
0.916866660118103
0.9173666834831238
0.9176000356674194
0.9178667068481445
0.9179666638374329
0.9170500040054321
0.9184333086013794
0.917533278465271
0.9179666638374329
0.9176833033561707
0.9185000061988831
0.9190166592597961
0.9178833365440369
0.9175833463668823
0.9176166653633118
0.9187332987785339
0.9185000061988831
0.9185500144958496
0.9174666404724121
0.9187500476837158
0.9192667007446289
0.9186000227928162
0.9193666577339172
0.9184499979019165
0.9193833470344543
0.9189333319664001
0.9188666939735413
0.9185666441917419
0.9188500046730042
0.9189332723617554
0.9192166328430176
0.9195500612258911
0.9192333221435547
0.9203333258628845
0.9192333221435547
0.919950008392334
0.9201499819755554
0.9199333190917969
0.9198333024978638
0.9203333258628845
0.9211333394050598
0.9210500121116638
0.9201833009719849
0.9209166765213013
0.9204500317573547
0.9211833477020264
0.9211999177932739
0.9205000400543213
0.9208500385284424
0.9214999675750732
0.9205833673477173
0.9214666485786438
0.9212999939918518
0.9210333228111267
0.9209333658218384
0.9206500053405762
0.9213000535964966
0.9214500188827515
0.921833336353302
0.9215333461761475
0.9212833046913147
0.9211167097091675
0.9216333627700806
0.9211000204086304
0.9220499992370605
0.9224666953086853
0.9219666719436646
0.9231666326522827
0.9235166311264038
0.9226166605949402
0.922866702079773
0.9228166937828064
0.9229999780654907
0.9222832918167114
0.9226166009902954
0.9230499863624573
0.9236499667167664
0.9228999614715576
0.9224166870117188
0.9242000579833984
0.9241999983787537
0.9233167171478271
0.9232333898544312
0.9234166741371155
0.9241833686828613
0.9237666130065918
0.9236667156219482
0.9235999584197998
0.9232166409492493
0.92371666431427
0.9238499999046326
0.9239166975021362
0.9234666228294373
0.9242333173751831
0.9245666861534119
0.9236666560173035
0.9240165948867798
0.9239833354949951
0.9234500527381897
0.9244832992553711
0.9248499870300293
0.9245666265487671
0.925000011920929
0.9247666597366333
0.9254999756813049
0.92535001039505
0.9256333112716675
0.9262332916259766
0.9259499907493591
0.9256333112716675
0.9250333309173584
0.9258000254631042
0.9251333475112915
0.9250500202178955
0.9255000352859497
0.9250999689102173
0.9256333708763123
0.9253000020980835
0.9263499975204468
0.9259000420570374
0.9261333346366882
0.9265666604042053
0.9257833361625671
0.9261499643325806
0.9263333082199097
0.9260833263397217
0.926716685295105
0.9262333512306213
0.9262499809265137
0.9262499809265137
0.9256666898727417
0.9255666732788086
0.9262999892234802
0.9262000322341919
0.9269166588783264
0.9269499778747559
0.9264333248138428
0.9260333180427551
0.927216649055481
0.9267666339874268
0.9273333549499512
0.9273500442504883
0.927299976348877
0.9271666407585144
0.9265833497047424
0.9267500042915344
0.9271833300590515
0.9264166951179504
0.927049994468689
0.9262999296188354
0.9266499876976013
0.9271166324615479
0.926550030708313
0.9268667101860046
0.9271833896636963
0.9269833564758301
0.9275166988372803
0.9262666702270508
0.9277000427246094
0.927483320236206
0.927483320236206
0.9283166527748108
0.9277833104133606
0.9280333518981934
0.9273166656494141
0.927566647529602
0.928433358669281
0.9282500147819519
0.9281499981880188
0.9278333187103271
0.9280999898910522
0.9276165962219238
0.9283499717712402
0.9281999468803406
0.9285833239555359
0.9286666512489319
0.9282000064849854
0.9282499551773071
0.9281333088874817
0.9290167093276978
0.9288166761398315
0.9293000102043152
0.9298334121704102
0.9295833110809326
0.9290833473205566
0.930150032043457
0.929183304309845
0.9301666617393494
0.9297000169754028
0.9297332763671875
0.9298499822616577
0.9304500222206116
0.9297833442687988
0.9306166172027588
0.9306000471115112
0.9301499724388123
0.9305499792098999
0.9307500123977661
0.930400013923645
0.9298166632652283
0.9305167198181152
0.9303500056266785
0.9301999807357788
0.9299833178520203
0.9311333894729614
0.9305166602134705
0.930733323097229
0.930649995803833
0.9302999973297119
0.9305166602134705
0.9297833442687988
0.9302833080291748
0.9305832982063293
0.9319833517074585
0.9312000274658203
0.9307166337966919
0.9316666126251221
0.9312666654586792
0.9305166602134705
0.9311333298683167
0.9315999746322632
0.9312500953674316
0.9317999482154846
0.9306999444961548
0.9313166737556458
0.9320999979972839
0.9314333200454712
0.9315333366394043
0.9314666986465454
0.9312166571617126
0.9312333464622498
0.9321833252906799
0.9318166971206665
0.9316167235374451
0.9314000606536865
0.9322832822799683
0.9321666955947876
0.9315333366394043
0.9329500198364258
0.9331499934196472
0.9315166473388672
0.9308834075927734
0.9318999648094177
0.9317666888237
0.9309999942779541
0.9318666458129883
0.9331833124160767
0.9318666458129883
0.9316166639328003
0.9320999979972839
0.9322166442871094
0.931999921798706
0.9321500062942505
0.9328500032424927
0.9324333071708679
0.933233380317688
0.9324333071708679
0.9332833290100098
0.9332666397094727
0.9325999617576599
0.9327332973480225
0.9320666790008545
0.9327499866485596
0.9330166578292847
0.9323832988739014
0.9327833652496338
0.9335500001907349
0.932783305644989
0.9340999722480774
0.9328500032424927
0.9337666630744934
0.9328666925430298
0.9331166744232178
0.9334666728973389
0.9339166879653931
0.9337999820709229
0.9333833456039429
0.9332166910171509
0.9335666298866272
0.9339666366577148
0.9335500001907349
0.933650016784668
0.934249997138977
0.9340500235557556
0.9340499639511108
0.9354000091552734
0.9347667098045349
0.933483362197876
0.9344333410263062
0.9337500333786011
0.9351666569709778
0.934499979019165
0.9340000152587891
0.9347333312034607
0.9346833229064941
0.9338833093643188
0.9350666999816895
0.9347666501998901
0.934833288192749
0.9347167015075684
0.9345499873161316
0.9350999593734741
0.9342333078384399
0.9345166683197021
0.934066653251648
0.9341000318527222
0.9347000122070312
0.9345999956130981
0.9336166977882385
0.9350666999816895
0.9350333213806152
0.9354000091552734
0.9342166781425476
0.9348832964897156
0.9346166849136353
0.9348166584968567
0.9346666932106018
0.9349666833877563
0.9347000122070312
0.9351166486740112
0.9346166849136353
0.9350500106811523
0.9347500205039978
0.9351000189781189
0.9354833364486694
0.935200035572052
0.9351832866668701
0.9355000257492065
0.9355833530426025
0.9356167316436768
0.934749960899353
0.9358500242233276
0.9352833032608032
0.9348833560943604
0.9357666373252869
0.9361333847045898
0.9354333281517029
0.9356499910354614
0.9363833665847778
0.9355166554450989
0.9358833432197571
0.9352666735649109
0.9359666705131531
0.9367333650588989
0.9362833499908447
0.9367499947547913
0.9369333386421204
0.9364333152770996
0.9370666742324829
0.9371167421340942
0.9359999895095825
0.9373833537101746
0.9363499879837036
0.9376499652862549
0.9369999766349792
0.9368000030517578
0.9366500377655029
0.9364333152770996
0.9373833537101746
0.9364166259765625
0.9371166825294495
0.9369333386421204
0.9378499984741211
0.9372000694274902
0.9369499683380127
0.9367166757583618
0.9373833537101746
0.9373999834060669
0.937250018119812
0.93791663646698
0.9374499917030334
0.9380332827568054
0.9381332993507385
0.9382333159446716
0.9373166561126709
0.9376000165939331
0.9379667043685913
0.9379333853721619
0.9380834102630615
0.9388500452041626
0.9388166666030884
0.9380500316619873
0.9377166628837585
0.9382833242416382
0.9379832744598389
0.937999963760376
0.9384833574295044
0.9385666847229004
0.9387999773025513
0.9388666749000549
0.9385499954223633
0.9391832947731018
0.9377332925796509
0.938533365726471
0.937833309173584
0.9385333061218262
0.9388166666030884
0.938499927520752
0.9386500120162964
0.9388999938964844
0.9388999938964844
0.9386667013168335
0.9388666749000549
0.9391999840736389
0.9385833144187927
0.9379833340644836
0.9389666318893433
0.939300000667572
0.9389166235923767
0.9391167163848877
0.9386000037193298
0.9383500218391418
0.9385166764259338
0.9391666650772095
0.9383666515350342
0.9386500120162964
0.938533365726471
0.939383327960968
0.9383666515350342
0.9392333030700684
0.939050018787384
0.9386500120162964
0.9393999576568604
0.9393999576568604
0.9391666054725647
0.9389166831970215
0.9397333264350891
0.9394500255584717
0.9395999908447266
0.9401167035102844
0.9401999711990356
0.9396666288375854
0.9398333430290222
0.9401500225067139
0.9397667050361633
0.9401834011077881
0.9397000074386597
0.9399833083152771
0.9400333166122437
0.940250039100647
0.9401999711990356
0.9400833249092102
0.9404333829879761
0.9398666620254517
0.9405333399772644
0.9399666786193848
0.940500020980835
0.9405666589736938
0.9404833316802979
0.9400666952133179
0.9412000179290771
0.9411166906356812
0.94118332862854
0.9409666657447815
0.940833330154419
0.9409999847412109
0.9409500360488892
0.9410333633422852
0.9401167035102844
0.9398166537284851
0.9400666952133179
0.9403666853904724
0.940166711807251
0.9405499696731567
0.9405832886695862
0.9407666921615601
0.940333366394043
0.9409833550453186
0.9406999945640564
0.9409999847412109
0.9406999945640564
0.9408833384513855
0.9402000308036804
0.9405500292778015
0.9410833120346069
0.9404500126838684
0.9409833550453186
0.9409999847412109
0.9414333701133728
0.941433310508728
0.9414000511169434
0.9411499500274658
0.9416333436965942
0.9410333633422852
0.9410000443458557
0.9412333369255066
0.9402166604995728
0.9413666725158691
0.9410333633422852
0.940583348274231
0.9410666823387146
0.9411166906356812
0.9410833120346069
0.941266655921936
0.9415000081062317
0.9412166476249695
0.9413666725158691
0.9408999681472778
0.9413333535194397
0.9419833421707153
0.9412667155265808
0.9408166408538818
0.940666675567627
0.9413666725158691
0.941266655921936
0.9414833188056946
0.9408666491508484
0.9416500329971313
0.9411499500274658
0.9418999552726746
0.9412000179290771
0.9410333633422852
0.9408833384513855
0.9411000609397888
0.9411333203315735
0.9413666725158691
0.9417833685874939
0.9415500164031982
0.9418999552726746
0.941766619682312
0.9414999485015869
0.9422666430473328
0.9412500262260437
0.9414166212081909
0.9416833519935608
0.9423832893371582
0.9416166543960571
0.9419166445732117
0.9416500329971313
0.9429000020027161
0.9424166679382324
0.9424332976341248
0.943399965763092
0.9427666664123535
0.9426167011260986
0.9425166845321655
0.9426499605178833
0.9422666430473328
0.9426333904266357
0.9436333179473877
0.9424166679382324
0.9436333179473877
0.9427000284194946
0.9431667327880859
0.9422000050544739
0.9422333240509033
0.9428666830062866
0.9429500102996826
0.9432500004768372
0.9430333375930786
0.9427332878112793
0.942799985408783
0.943149983882904
0.9433833360671997
0.9433000087738037
0.9426999688148499
0.9429666996002197
0.9434333443641663
0.9432166218757629
0.9438333511352539
0.9437166452407837
0.9440666437149048
0.9437499642372131
0.9429500699043274
0.9431333541870117
0.9431833028793335
0.9430833458900452
0.9434666633605957
0.9434000253677368
0.9429333209991455
0.9443333148956299
0.9434833526611328
0.9440333843231201
0.9430999755859375
0.9441500306129456
0.9438999891281128
0.9440333247184753
0.9438166618347168
0.9434833526611328
0.9441999793052673
0.943683385848999
0.9439833760261536
0.9431333541870117
0.9435499906539917
0.9439499974250793
0.9447333216667175
0.9442499876022339
0.9442500472068787
0.9442332983016968
0.9442333579063416
0.9443166255950928
0.9443333148956299
0.9441666007041931
0.9442500472068787
0.9443999528884888
0.9439166784286499
0.944433331489563
0.9448500275611877
0.9443166851997375
0.9441500306129456
0.9439666271209717
0.9445666074752808
0.9440333247184753
0.9446666836738586
0.9444833397865295
0.9450500011444092
0.9445333480834961
0.9444500207901001
0.9446333646774292
0.9447833299636841
0.9444999694824219
0.9447166919708252
0.9451000094413757
0.9445500373840332
0.944933295249939
0.9441333413124084
0.944350004196167
0.9442999362945557
0.9444500207901001
0.944433331489563
0.9443666934967041
0.9444833397865295
0.9450000524520874
0.9445833563804626
0.9453500509262085
0.9447000026702881
0.9453833103179932
0.9450500011444092
0.9442999958992004
0.944266676902771
0.9451499581336975
0.9444166421890259
0.9453166127204895
0.9446333646774292
0.9448333382606506
0.9455499649047852
0.9451666474342346
0.9451666474342346
0.9449833631515503
0.9450500011444092
0.9454833269119263
0.9460000395774841
0.9455000162124634
0.9453333616256714
0.9448000192642212
0.9455500245094299
0.9453333616256714
0.9459666609764099
0.9461666941642761
0.9454333186149597
0.9451333284378052
0.9458333253860474
0.9461166262626648
0.9462000131607056
0.9459333419799805
0.945983350276947
0.9451500177383423
0.9457166790962219
0.9452000260353088
0.9454500079154968
0.9450666308403015
0.9457666873931885
0.9462833404541016
0.9456167221069336
0.9453500509262085
0.9458333253860474
0.9452333450317383
0.9460499882698059
0.9455666542053223
0.9466999769210815
0.945900022983551
0.945816695690155
0.9459333419799805
0.9456666707992554
0.9461166858673096
0.9465333223342896
0.9459499716758728
0.9461333751678467
0.9464333653450012
0.9461666941642761
0.9463167190551758
0.946233332157135
0.9460500478744507
0.9451166391372681
0.9463833570480347
0.9467500448226929
0.9460500478744507
0.9463666677474976
0.9466500282287598
0.9452999830245972
0.9461333155632019
0.9466833472251892
0.9463332891464233
0.9457666873931885
0.9459999799728394
0.9459999799728394
0.9466666579246521
0.9463499784469604
0.946649968624115
0.946399986743927
0.9463666677474976
0.9467999935150146
0.9463334083557129
0.946066677570343
0.946399986743927
0.9466000199317932
0.946483314037323
0.9458833336830139
0.9465166926383972
0.945983350276947
0.9470666646957397
0.9470334053039551
0.9461500644683838
0.9466666579246521
0.9466000199317932
0.9474166631698608
0.9463666677474976
0.9469333291053772
0.9469666481018066
0.9466999769210815
0.9465833306312561
0.9472000002861023
0.9472832679748535
0.9473833441734314
0.947866678237915
0.9475666284561157
0.9468833208084106
0.9470999836921692
0.9472499489784241
0.9475499987602234
0.9471499919891357
0.9474833607673645
0.9477999806404114
0.9476500153541565
0.9486500024795532
0.9480166435241699
0.947616696357727
0.948033332824707
0.9474999904632568
0.948116660118103
0.9476833343505859
0.9482833743095398
0.9480999708175659
0.9484167098999023
0.9481666684150696
0.9472999572753906
0.9472333192825317
0.9475499987602234
0.9481666684150696
0.9484166502952576
0.9479999542236328
0.9483166933059692
0.9483999609947205
0.9481000304222107
0.9474500417709351
0.9481333494186401
0.9486333131790161
0.9474999904632568
0.9485166668891907
0.9477666616439819
0.948283314704895
0.9483833312988281
0.9484166502952576
0.9483667016029358
0.9487332701683044
0.9483000040054321
0.9485166668891907
0.9488333463668823
0.9480666518211365
0.9485833644866943
0.9494500160217285
0.9487000107765198
0.9489333629608154
0.9487999677658081
0.949066698551178
0.9482999444007874
0.9489666223526001
0.9487999677658081
0.9492833614349365
0.9492999911308289
0.9488166570663452
0.9484999775886536
0.9487500190734863
0.9487500190734863
0.9488500356674194
0.9486500024795532
0.9488500356674194
0.9481832981109619
0.9489499926567078
0.9483333826065063
0.9491999745368958
0.9499666690826416
0.9495499730110168
0.9489166736602783
0.9483499526977539
0.9487833380699158
0.9485333561897278
0.948533296585083
0.9491666555404663
0.9489833116531372
0.9484833478927612
0.9491833448410034
0.9495832920074463
0.9494500160217285
0.9499666690826416
0.9492999911308289
0.9486833214759827
0.9497833251953125
0.9490000009536743
0.9489500522613525
0.9492999911308289
0.9492833018302917
0.9490833282470703
0.9487166404724121
0.9498666524887085
0.9493000507354736
0.9487667083740234
0.9491667151451111
0.9489833116531372
0.9496333599090576
0.949066698551178
0.949400007724762
0.9494667053222656
0.9489166736602783
0.9491832852363586
0.949066698551178
0.9490833282470703
0.9488166570663452
0.9498832821846008
0.9487333297729492
0.9501999616622925
0.9488832950592041
0.9491832852363586
0.94923335313797
0.9488666653633118
0.9494500160217285
0.9495833516120911
0.949150025844574
0.9498500227928162
0.949733316898346
0.9500499963760376
0.9496666193008423
0.9505667090415955
0.9497666954994202
0.9499332904815674
0.9499500393867493
0.9504666328430176
0.9502999782562256
0.9498666524887085
0.9496666789054871
0.9501333236694336
0.9496333599090576
0.9497166275978088
0.9502333402633667
0.9497166872024536
0.9500833749771118
0.9502166509628296
0.9503999948501587
0.9501000046730042
0.9500166773796082
0.9502833485603333
0.9505000114440918
0.9502166509628296
0.9504666924476624
0.9503499865531921
0.9496833086013794
0.9501667022705078
0.9499499797821045
0.9494832754135132
0.9500499963760376
0.9502333402633667
0.9503999948501587
0.9501333832740784
0.9494500160217285
0.9504666924476624
0.9512166380882263
0.9505500197410583
0.9505666494369507
0.9503000378608704
0.9511833190917969
0.9505000114440918
0.9506332874298096
0.9507333636283875
0.9502333402633667
0.9507499933242798
0.9507666826248169
0.9504166841506958
0.9508999586105347
0.9500166773796082
0.9500333070755005
0.9505833387374878
0.950333297252655
0.9502333402633667
0.9510833024978638
0.9509333372116089
0.9506000280380249
0.9502999782562256
0.951449990272522
0.9508333206176758
0.9508499503135681
0.9513833522796631
0.9515166282653809
0.9512333869934082
0.9513499736785889
0.9520166516304016
0.9510999917984009
0.9509999752044678
0.9516500234603882
0.9512166976928711
0.9512999653816223
0.9510666728019714
0.950950026512146
0.9507499933242798
0.9509666562080383
0.9508000016212463
0.9511333703994751
0.950700044631958
0.9509665966033936
0.9508999586105347
0.9507666826248169
0.9508999586105347
0.9508666396141052
0.9509166479110718
0.9527833461761475
0.9515999555587769
0.9520167112350464
0.9518499970436096
0.9520000219345093
0.9519666433334351
0.9512666463851929
0.9514333009719849
0.9521000385284424
0.952033281326294
0.9520166516304016
0.9522833228111267
0.9519333243370056
0.952299952507019
0.9527499675750732
0.9518500566482544
0.9521166682243347
0.9522166848182678
0.9522833228111267
0.9520999789237976
0.953000009059906
0.9517166614532471
0.9518333673477173
0.9519833326339722
0.9519666433334351
0.9519832730293274
0.9526166915893555
0.9524999856948853
0.9525499939918518
0.951949954032898
0.9522500038146973
0.9527333378791809
0.9522333145141602
0.9520833492279053
0.9523666501045227
0.9528166651725769
0.9525666236877441
0.9522499442100525
0.952133297920227
0.9525666832923889
0.9527999758720398
0.9526500105857849
0.9525333642959595
0.9531332850456238
0.9523833394050598
0.9529999494552612
0.952750027179718
0.9517166614532471
0.9526499509811401
0.9523167014122009
0.9526166915893555
0.9522000551223755
0.9530166387557983
0.952216625213623
0.952666699886322
0.9528833627700806
0.9529833793640137
0.9530333280563354
0.9522666931152344
0.9534332752227783
0.953249990940094
0.9525500535964966
0.9531500339508057
0.9531832933425903
0.95291668176651
0.9533999562263489
0.9530832767486572
0.9529333710670471
0.9534000158309937
0.9525333642959595
0.9537000060081482
0.9531167149543762
0.9525500535964966
0.952750027179718
0.9539833068847656
0.952583372592926
0.9538166522979736
0.9535666704177856
0.9540666937828064
0.9535332918167114
0.9537000060081482
0.9538333415985107
0.9530500173568726
0.953916609287262
0.9537999629974365
0.9536333084106445
0.9534167051315308
0.9537666440010071
0.9540166854858398
0.9535666704177856
0.9527833461761475
0.9529833197593689
0.9535833597183228
0.9539666175842285
0.953416645526886
0.9532666802406311
0.9534499645233154
0.9537667036056519
0.9534000158309937
0.9536666870117188
0.9537666440010071
0.9539166688919067
0.9531500339508057
0.9535666704177856
0.9533666968345642
0.9537667036056519
0.9533833265304565
0.9534500241279602
0.9536333084106445
0.9532500505447388
0.9536333084106445
0.9536166787147522
0.9536833167076111
0.9533666968345642
0.9529666304588318
0.9538833498954773
0.9530166387557983
0.95455002784729
0.9539833068847656
0.9539666175842285
0.9538833498954773
0.9538166522979736
0.9533500075340271
0.9531666040420532
0.9540166854858398
0.9539166688919067
0.9531499743461609
0.9533666372299194
0.9533333778381348
0.9535499811172485
0.9536166787147522
0.9533666372299194
0.9535999894142151
0.9535332918167114
0.9537999629974365
0.95333331823349
0.9540666341781616
0.9540166854858398
0.9531833529472351
0.9535167217254639
0.9543166160583496
0.9539166688919067
0.9537500143051147
0.954216718673706
0.9534499645233154
0.9533833265304565
0.954200029373169
0.9538167119026184
0.9537999629974365
0.9544000029563904
0.9540833234786987
0.9533166289329529
0.9538000226020813
0.9540166854858398
0.9539666771888733
0.9546833038330078
0.9544000029563904
0.9541833400726318
0.9538000226020813
0.9540000557899475
0.953866720199585
0.9540500044822693
0.9544000029563904
0.954633355140686
0.9542332887649536
0.9543833136558533
0.9544000029563904
0.9543666839599609
0.95496666431427
0.9542166590690613
0.9544666409492493
0.9549833536148071
0.9550166726112366
0.9542999863624573
0.9544333219528198
0.9549333453178406
0.9544166326522827
0.9548666477203369
0.9545333385467529
0.9550166130065918
0.95496666431427
0.9545167088508606
0.9552000164985657
0.955549955368042
0.9546500444412231
0.9554499983787537
0.9545333385467529
0.9551166892051697
0.9550333023071289
0.9549000263214111
0.9555833339691162
0.9548166394233704
0.95496666431427
0.95496666431427
0.9546499848365784
0.9552000164985657
0.9544999599456787
0.954800009727478
0.954800009727478
0.9548999667167664
0.9552000164985657
0.9547333717346191
0.9550000429153442
0.9549333453178406
0.9548166990280151
0.9551666975021362
0.9558833241462708
0.9546166658401489
0.9556333422660828
0.9551833271980286
0.9554000496864319
0.9551166296005249
0.955133318901062
0.9549000263214111
0.95496666431427
0.9555166363716125
0.9556666612625122
0.9551666378974915
0.9554833769798279
0.9545999765396118
0.9556000232696533
0.9552333354949951
0.955133318901062
0.9549499750137329
0.9551833271980286
0.955466628074646
0.9558500647544861
0.9554833173751831
0.9557166695594788
0.9558500051498413
0.9553000330924988
0.9559667110443115
0.9562166333198547
0.9551500082015991
0.9554333686828613
0.9552833437919617
0.9556333422660828
0.9554666876792908
0.9557000398635864
0.9554166793823242
0.9556499719619751
0.9550833106040955
0.9556833505630493
0.9555332660675049
0.9552666544914246
0.9558999538421631
0.9559667110443115
0.955466628074646
0.9556666612625122
0.9559833407402039
0.9554000496864319
0.9554499983787537
0.9558166265487671
0.9557499885559082
0.9567000269889832
0.9560667276382446
0.9558666348457336
0.9560999870300293
0.9559166431427002
0.9563833475112915
0.9558333158493042
0.9559499621391296
0.9557166695594788
0.955883264541626
0.9560666680335999
0.9563499689102173
0.9568666219711304
0.956416666507721
0.9557166695594788
0.9556666612625122
0.9563833475112915
0.9558500051498413
0.9562666416168213
0.9565666913986206
0.9558500051498413
0.9563167095184326
0.9558333158493042
0.9561833143234253
0.9565500020980835
0.9570000171661377
0.9563499689102173
0.956333339214325
0.9564499855041504
0.9563167095184326
0.9566166400909424
0.9564000368118286
0.9567000269889832
0.9567999839782715
0.956766664981842
0.9563000202178955
0.9563167095184326
0.9563000202178955
0.9566500186920166
0.9560666680335999
0.9566166400909424
0.9565666913986206
0.9566500186920166
0.9563499689102173
0.9563167095184326
0.9572499990463257
0.9560499787330627
0.9564833045005798
0.956516683101654
0.9569166898727417
0.9563833475112915
0.9565166234970093
0.9563833475112915
0.9563666582107544
0.9562666416168213
0.9570500254631042
0.9567499756813049
0.9566833972930908
0.956933319568634
0.956766664981842
0.9568333029747009
0.9571833610534668
0.9564666748046875
0.9561166763305664
0.9565500020980835
0.9563999772071838
0.9573999643325806
0.9570499658584595
0.9563999772071838
0.9562000036239624
0.9563833475112915
0.9568166732788086
0.9567667245864868
0.9566499590873718
0.9563666582107544
0.9569999575614929
0.9570167064666748
0.9560832977294922
0.9568166732788086
0.9569999575614929
0.9568500518798828
0.9566999673843384
0.9567500352859497
0.9577666521072388
0.9568333625793457
0.9579333662986755
0.9561500549316406
0.9568166732788086
0.95701664686203
0.9569166898727417
0.957099974155426
0.9569833278656006
0.9572833180427551
0.9573166370391846
0.9572166204452515
0.9570333361625671
0.9566666483879089
0.957099974155426
0.9569500088691711
0.9573166370391846
0.9573166966438293
0.9575666785240173
0.9576666355133057
0.957800030708313
0.9575332999229431
0.9572499990463257
0.957550048828125
0.9574666619300842
0.9575499892234802
0.9568500518798828
0.957266628742218
0.9569666385650635
