0.13120000064373016
0.13553333282470703
0.14980000257492065
0.13795000314712524
0.13865000009536743
0.1311499923467636
0.1428833305835724
0.14894999563694
0.16233333945274353
0.1581166684627533
0.15996666252613068
0.15781666338443756
0.17033332586288452
0.1689833402633667
0.17011664807796478
0.16663333773612976
0.16134999692440033
0.1564333438873291
0.16538332402706146
0.16041666269302368
0.1547333300113678
0.16358333826065063
0.15691666305065155
0.17233332991600037
0.1808166652917862
0.18638333678245544
0.19259999692440033
0.19056665897369385
0.18926666676998138
0.19329999387264252
0.17706666886806488
0.17579999566078186
0.2212333381175995
0.21906666457653046
0.21151666343212128
0.21396666765213013
0.21381667256355286
0.2136833369731903
0.21201667189598083
0.23153333365917206
0.21431666612625122
0.21878333389759064
0.25121667981147766
0.24853333830833435
0.23669999837875366
0.22769999504089355
0.2587500214576721
0.2488499879837036
0.23926667869091034
0.2280166745185852
0.25405001640319824
0.1003333330154419
0.08881666511297226
0.08881666511297226
0.08881666511297226
0.08881666511297226
0.08881666511297226
0.08881666511297226
0.08881666511297226
0.08881666511297226
0.08881666511297226
0.08881666511297226
0.08881666511297226
0.08881666511297226
0.08881666511297226
0.08881666511297226
0.08881666511297226
0.08881666511297226
0.08881666511297226
0.08881666511297226
0.08881666511297226
0.08881666511297226
0.08881666511297226
0.08881666511297226
0.08881666511297226
0.08881666511297226
0.08881666511297226
0.08881666511297226
0.08881666511297226
0.08881666511297226
0.08881666511297226
0.08881666511297226
0.08881666511297226
0.08881666511297226
0.08881666511297226
0.08881666511297226
0.08881666511297226
0.08881666511297226
0.08881666511297226
0.08881666511297226
0.08881666511297226
0.08881666511297226
0.08881666511297226
0.08881666511297226
0.08881666511297226
0.08881666511297226
0.08881666511297226
0.08881666511297226
0.08881666511297226
0.08881666511297226
0.08881666511297226
0.08881666511297226
0.08881666511297226
0.08881666511297226
0.08881666511297226
0.08881666511297226
0.08881666511297226
0.08881666511297226
0.08881666511297226
0.08881666511297226
0.08881666511297226
0.08881666511297226
0.08881666511297226
0.08881666511297226
0.08881666511297226
0.08881666511297226
0.08881666511297226
0.08881666511297226
0.08881666511297226
0.08881666511297226
0.08881666511297226
0.08881666511297226
0.08881666511297226
0.08881666511297226
0.08881666511297226
0.08881666511297226
0.08881666511297226
0.08881666511297226
0.08881666511297226
0.08881666511297226
0.08881666511297226
0.08881666511297226
0.08881666511297226
0.08881666511297226
0.08881666511297226
0.08881666511297226
0.08881666511297226
0.08881666511297226
0.08881666511297226
0.08881666511297226
0.08881666511297226
0.08881666511297226
0.08881666511297226
0.08881666511297226
0.08881666511297226
0.08881666511297226
0.08881666511297226
0.08881666511297226
0.08881666511297226
0.08881666511297226
0.08881666511297226
0.08881666511297226
0.08881666511297226
0.08881666511297226
0.08881666511297226
0.08881666511297226
0.08881666511297226
0.08881666511297226
0.08881666511297226
0.08881666511297226
0.08881666511297226
0.08881666511297226
0.08881666511297226
0.08881666511297226
0.08881666511297226
0.08881666511297226
0.08881666511297226
0.08881666511297226
0.08881666511297226
0.08881666511297226
0.08881666511297226
0.08881666511297226
0.08881666511297226
0.08881666511297226
0.08881666511297226
0.08881666511297226
0.08881666511297226
0.08881666511297226
0.08881666511297226
0.08881666511297226
0.08881666511297226
0.08881666511297226
0.08881666511297226
0.08881666511297226
0.08881666511297226
0.08881666511297226
0.08881666511297226
0.08881666511297226
0.08881666511297226
0.08881666511297226
0.08881666511297226
0.08881666511297226
0.08881666511297226
0.08881666511297226
0.08881666511297226
0.08881666511297226
0.08881666511297226
0.08881666511297226
0.08881666511297226
0.08881666511297226
0.08881666511297226
0.08881666511297226
0.08881666511297226
0.08881666511297226
0.08881666511297226
0.08881666511297226
0.08881666511297226
0.08881666511297226
0.08881666511297226
0.08881666511297226
0.08881666511297226
0.08881666511297226
0.08881666511297226
0.08881666511297226
0.08881666511297226
0.08881666511297226
0.08881666511297226
0.08881666511297226
0.08881666511297226
0.08881666511297226
0.08881666511297226
0.08881666511297226
0.08881666511297226
0.08881666511297226
0.08881666511297226
0.08881666511297226
0.08881666511297226
0.08881666511297226
0.08881666511297226
0.08881666511297226
0.08881666511297226
0.08881666511297226
0.08881666511297226
0.08881666511297226
0.08881666511297226
0.08881666511297226
0.08881666511297226
0.08881666511297226
0.08881666511297226
0.08881666511297226
0.08881666511297226
0.08881666511297226
0.08881666511297226
0.08881666511297226
0.08881666511297226
0.08881666511297226
0.08881666511297226
0.08881666511297226
0.08881666511297226
0.08881666511297226
0.08881666511297226
0.08881666511297226
0.08881666511297226
0.08881666511297226
0.08881666511297226
0.08881666511297226
0.08881666511297226
0.08881666511297226
0.08881666511297226
0.08881666511297226
0.08881666511297226
0.08881666511297226
0.08881666511297226
0.08881666511297226
0.08881666511297226
0.08881666511297226
0.08881666511297226
0.08881666511297226
0.08881666511297226
0.08881666511297226
0.08881666511297226
0.08881666511297226
0.08881666511297226
0.08881666511297226
0.08881666511297226
0.08881666511297226
0.08881666511297226
0.08881666511297226
0.08881666511297226
0.08881666511297226
0.08881666511297226
0.08881666511297226
0.08881666511297226
0.08881666511297226
0.08881666511297226
0.08881666511297226
0.08881666511297226
0.08881666511297226
0.08881666511297226
0.08881666511297226
0.08881666511297226
0.08881666511297226
0.08881666511297226
0.08881666511297226
0.08881666511297226
0.08881666511297226
0.08881666511297226
0.08881666511297226
0.08881666511297226
0.08881666511297226
0.08881666511297226
0.08881666511297226
0.08881666511297226
0.08881666511297226
0.08881666511297226
0.08881666511297226
0.08881666511297226
0.08881666511297226
0.08881666511297226
0.08881666511297226
0.08881666511297226
0.08881666511297226
0.08881666511297226
0.08881666511297226
0.08881666511297226
0.08881666511297226
0.08881666511297226
0.08881666511297226
0.08881666511297226
0.08881666511297226
0.08881666511297226
0.08881666511297226
0.08881666511297226
0.08881666511297226
0.08881666511297226
0.08881666511297226
0.08881666511297226
0.08881666511297226
0.08881666511297226
0.08881666511297226
0.08881666511297226
0.08881666511297226
0.08881666511297226
0.08881666511297226
0.08881666511297226
0.08881666511297226
0.08881666511297226
0.08881666511297226
0.08881666511297226
0.08881666511297226
0.08881666511297226
0.08881666511297226
0.08881666511297226
0.08881666511297226
0.08881666511297226
0.08881666511297226
0.08881666511297226
0.08881666511297226
0.08881666511297226
0.08881666511297226
0.08881666511297226
0.08881666511297226
0.08881666511297226
0.08881666511297226
0.08881666511297226
0.08881666511297226
0.08881666511297226
0.08881666511297226
0.08881666511297226
0.08881666511297226
0.08881666511297226
0.08881666511297226
0.08881666511297226
0.08881666511297226
0.08881666511297226
0.08881666511297226
0.08881666511297226
0.08881666511297226
0.08881666511297226
0.08881666511297226
0.08881666511297226
0.08881666511297226
0.08881666511297226
0.08881666511297226
0.08881666511297226
0.08881666511297226
0.08881666511297226
0.08881666511297226
0.08881666511297226
0.08881666511297226
0.08881666511297226
0.08881666511297226
0.08881666511297226
0.08881666511297226
0.08881666511297226
0.08881666511297226
0.08881666511297226
0.08881666511297226
0.08881666511297226
0.08881666511297226
0.08881666511297226
0.08881666511297226
0.08881666511297226
0.08881666511297226
0.08881666511297226
0.08881666511297226
0.08881666511297226
0.08881666511297226
0.08881666511297226
0.08881666511297226
0.08881666511297226
0.08881666511297226
0.08881666511297226
0.08881666511297226
0.08881666511297226
0.08881666511297226
0.08881666511297226
0.08881666511297226
0.08881666511297226
0.08881666511297226
0.08881666511297226
0.08881666511297226
0.08881666511297226
0.08881666511297226
0.08881666511297226
0.08881666511297226
0.08881666511297226
0.08881666511297226
0.08881666511297226
0.08881666511297226
0.08881666511297226
0.08881666511297226
0.08881666511297226
0.08881666511297226
0.08881666511297226
0.08881666511297226
0.08881666511297226
0.08881666511297226
0.08881666511297226
0.08881666511297226
0.08881666511297226
0.08881666511297226
0.08881666511297226
0.08881666511297226
0.08881666511297226
0.08881666511297226
0.08881666511297226
0.08881666511297226
0.08881666511297226
0.08881666511297226
0.08881666511297226
0.08881666511297226
0.08881666511297226
0.08881666511297226
0.08881666511297226
0.08881666511297226
0.08881666511297226
0.08881666511297226
0.08881666511297226
0.08881666511297226
0.08881666511297226
0.08881666511297226
0.08881666511297226
0.08881666511297226
0.08881666511297226
0.08881666511297226
0.08881666511297226
0.08881666511297226
0.08881666511297226
0.08881666511297226
0.08881666511297226
0.08881666511297226
0.08881666511297226
0.08881666511297226
0.08881666511297226
0.08881666511297226
0.08881666511297226
0.08881666511297226
0.08881666511297226
0.08881666511297226
0.08881666511297226
0.08881666511297226
0.08881666511297226
0.08881666511297226
0.08881666511297226
0.08881666511297226
0.08881666511297226
0.08881666511297226
0.08881666511297226
0.08881666511297226
0.08881666511297226
0.08881666511297226
0.08881666511297226
0.08881666511297226
0.08881666511297226
0.08881666511297226
0.08881666511297226
0.08881666511297226
0.08881666511297226
0.08881666511297226
0.08881666511297226
0.08881666511297226
0.08881666511297226
0.08881666511297226
0.08881666511297226
0.08881666511297226
0.08881666511297226
0.08881666511297226
0.08881666511297226
0.08881666511297226
0.08881666511297226
0.08881666511297226
0.08881666511297226
0.08881666511297226
0.08881666511297226
0.08881666511297226
0.08881666511297226
0.08881666511297226
0.08881666511297226
0.08881666511297226
0.08881666511297226
0.08881666511297226
0.08881666511297226
0.08881666511297226
0.08881666511297226
0.08881666511297226
0.08881666511297226
0.08881666511297226
0.08881666511297226
0.08881666511297226
0.08881666511297226
0.08881666511297226
0.08881666511297226
0.08881666511297226
0.08881666511297226
0.08881666511297226
0.08881666511297226
0.08881666511297226
0.08881666511297226
0.08881666511297226
0.08881666511297226
0.08881666511297226
0.08881666511297226
0.08881666511297226
0.08881666511297226
0.08881666511297226
0.08881666511297226
0.08881666511297226
0.08881666511297226
0.08881666511297226
0.08881666511297226
0.08881666511297226
0.08881666511297226
0.08881666511297226
0.08881666511297226
0.08881666511297226
0.08881666511297226
0.08881666511297226
0.08881666511297226
0.08881666511297226
0.08881666511297226
0.08881666511297226
0.08881666511297226
0.08881666511297226
0.08881666511297226
0.08881666511297226
0.08881666511297226
0.08881666511297226
0.08881666511297226
0.08881666511297226
0.08881666511297226
0.08881666511297226
0.08881666511297226
0.08881666511297226
0.08881666511297226
0.08881666511297226
0.08881666511297226
0.08881666511297226
0.08881666511297226
0.08881666511297226
0.08881666511297226
0.08881666511297226
0.08881666511297226
0.08881666511297226
0.08881666511297226
0.08881666511297226
0.08881666511297226
0.08881666511297226
0.08881666511297226
0.08881666511297226
0.08881666511297226
0.08881666511297226
0.08881666511297226
0.08881666511297226
0.08881666511297226
0.08881666511297226
0.08881666511297226
0.08881666511297226
0.08881666511297226
0.08881666511297226
0.08881666511297226
0.08881666511297226
0.08881666511297226
0.08881666511297226
0.08881666511297226
0.08881666511297226
0.08881666511297226
0.08881666511297226
0.08881666511297226
0.08881666511297226
0.08881666511297226
0.08881666511297226
0.08881666511297226
0.08881666511297226
0.08881666511297226
0.08881666511297226
0.08881666511297226
0.08881666511297226
0.08881666511297226
0.08881666511297226
0.08881666511297226
0.08881666511297226
0.08881666511297226
0.08881666511297226
0.08881666511297226
0.08881666511297226
0.08881666511297226
0.08881666511297226
0.08881666511297226
0.08881666511297226
0.08881666511297226
0.08881666511297226
0.08881666511297226
0.08881666511297226
0.08881666511297226
0.08881666511297226
0.08881666511297226
0.08881666511297226
0.08881666511297226
0.08881666511297226
0.08881666511297226
0.08881666511297226
0.08881666511297226
0.08881666511297226
0.08881666511297226
0.08881666511297226
0.08881666511297226
0.08881666511297226
0.08881666511297226
0.08881666511297226
0.08881666511297226
0.08881666511297226
0.08881666511297226
0.08881666511297226
0.08881666511297226
0.08881666511297226
0.08881666511297226
0.08881666511297226
0.08881666511297226
0.08881666511297226
0.08881666511297226
0.08881666511297226
0.08881666511297226
0.08881666511297226
0.08881666511297226
0.08881666511297226
0.08881666511297226
0.08881666511297226
0.08881666511297226
0.08881666511297226
0.08881666511297226
0.08881666511297226
0.08881666511297226
0.08881666511297226
0.08881666511297226
0.08881666511297226
0.08881666511297226
0.08881666511297226
0.08881666511297226
0.08881666511297226
0.08881666511297226
0.08881666511297226
0.08881666511297226
0.08881666511297226
0.08881666511297226
0.08881666511297226
0.08881666511297226
0.08881666511297226
0.08881666511297226
0.08881666511297226
0.08881666511297226
0.08881666511297226
0.08881666511297226
0.08881666511297226
0.08881666511297226
0.08881666511297226
0.08881666511297226
0.08881666511297226
0.08881666511297226
0.08881666511297226
0.08881666511297226
0.08881666511297226
0.08881666511297226
0.08881666511297226
0.08881666511297226
0.08881666511297226
0.08881666511297226
0.08881666511297226
0.08881666511297226
0.08881666511297226
0.08881666511297226
0.08881666511297226
0.08881666511297226
0.08881666511297226
0.08881666511297226
0.08881666511297226
0.08881666511297226
0.08881666511297226
0.08881666511297226
0.08881666511297226
0.08881666511297226
0.08881666511297226
0.08881666511297226
0.08881666511297226
0.08881666511297226
0.08881666511297226
0.08881666511297226
0.08881666511297226
0.08881666511297226
0.08881666511297226
0.08881666511297226
0.08881666511297226
0.08881666511297226
0.08881666511297226
0.08881666511297226
0.08881666511297226
0.08881666511297226
0.08881666511297226
0.08881666511297226
0.08881666511297226
0.08881666511297226
0.08881666511297226
0.08881666511297226
0.08881666511297226
0.08881666511297226
0.08881666511297226
0.08881666511297226
0.08881666511297226
0.08881666511297226
0.08881666511297226
0.08881666511297226
0.08881666511297226
0.08881666511297226
0.08881666511297226
0.08881666511297226
0.08881666511297226
0.08881666511297226
0.08881666511297226
0.08881666511297226
0.08881666511297226
0.08881666511297226
0.08881666511297226
0.08881666511297226
0.08881666511297226
0.08881666511297226
0.08881666511297226
0.08881666511297226
0.08881666511297226
0.08881666511297226
0.08881666511297226
0.08881666511297226
0.08881666511297226
0.08881666511297226
0.08881666511297226
0.08881666511297226
0.08881666511297226
0.08881666511297226
0.08881666511297226
0.08881666511297226
0.08881666511297226
0.08881666511297226
0.08881666511297226
0.08881666511297226
0.08881666511297226
0.08881666511297226
0.08881666511297226
0.08881666511297226
0.08881666511297226
0.08881666511297226
0.08881666511297226
0.08881666511297226
0.08881666511297226
0.08881666511297226
0.08881666511297226
0.08881666511297226
0.08881666511297226
0.08881666511297226
0.08881666511297226
0.08881666511297226
0.08881666511297226
0.08881666511297226
0.08881666511297226
0.08881666511297226
0.08881666511297226
0.08881666511297226
0.08881666511297226
0.08881666511297226
0.08881666511297226
0.08881666511297226
0.08881666511297226
0.08881666511297226
0.08881666511297226
0.08881666511297226
0.08881666511297226
0.08881666511297226
0.08881666511297226
0.08881666511297226
0.08881666511297226
0.08881666511297226
0.08881666511297226
0.08881666511297226
0.08881666511297226
0.08881666511297226
0.08881666511297226
0.08881666511297226
0.08881666511297226
0.08881666511297226
0.08881666511297226
0.08881666511297226
0.08881666511297226
0.08881666511297226
0.08881666511297226
0.08881666511297226
0.08881666511297226
0.08881666511297226
0.08881666511297226
0.08881666511297226
0.08881666511297226
0.08881666511297226
0.08881666511297226
0.08881666511297226
0.08881666511297226
0.08881666511297226
0.08881666511297226
0.08881666511297226
0.08881666511297226
0.08881666511297226
0.08881666511297226
0.08881666511297226
0.08881666511297226
0.08881666511297226
0.08881666511297226
0.08881666511297226
0.08881666511297226
0.08881666511297226
0.08881666511297226
0.08881666511297226
0.08881666511297226
0.08881666511297226
0.08881666511297226
0.08881666511297226
0.08881666511297226
0.08881666511297226
0.08881666511297226
0.08881666511297226
0.08881666511297226
0.08881666511297226
0.08881666511297226
0.08881666511297226
0.08881666511297226
0.08881666511297226
0.08881666511297226
0.08881666511297226
0.08881666511297226
0.08881666511297226
0.08881666511297226
0.08881666511297226
0.08881666511297226
0.08881666511297226
0.08881666511297226
0.08881666511297226
0.08881666511297226
0.08881666511297226
0.08881666511297226
0.08881666511297226
0.08881666511297226
0.08881666511297226
0.08881666511297226
0.08881666511297226
0.08881666511297226
0.08881666511297226
0.08881666511297226
0.08881666511297226
0.08881666511297226
0.08881666511297226
0.08881666511297226
0.08881666511297226
0.08881666511297226
0.08881666511297226
0.08881666511297226
0.08881666511297226
0.08881666511297226
0.08881666511297226
0.08881666511297226
0.08881666511297226
0.08881666511297226
0.08881666511297226
0.08881666511297226
0.08881666511297226
0.08881666511297226
0.08881666511297226
0.08881666511297226
0.08881666511297226
0.08881666511297226
0.08881666511297226
0.08881666511297226
0.08881666511297226
0.08881666511297226
0.08881666511297226
0.08881666511297226
0.08881666511297226
0.08881666511297226
0.08881666511297226
0.08881666511297226
0.08881666511297226
0.08881666511297226
0.08881666511297226
0.08881666511297226
0.08881666511297226
0.08881666511297226
0.08881666511297226
0.08881666511297226
0.08881666511297226
0.08881666511297226
0.08881666511297226
0.08881666511297226
0.08881666511297226
0.08881666511297226
0.08881666511297226
0.08881666511297226
0.08881666511297226
0.08881666511297226
0.08881666511297226
0.08881666511297226
0.08881666511297226
0.08881666511297226
0.08881666511297226
0.08881666511297226
0.08881666511297226
0.08881666511297226
0.08881666511297226
0.08881666511297226
0.08881666511297226
0.08881666511297226
0.08881666511297226
0.08881666511297226
0.08881666511297226
0.08881666511297226
0.08881666511297226
0.08881666511297226
0.08881666511297226
0.08881666511297226
0.08881666511297226
0.08881666511297226
0.08881666511297226
0.08881666511297226
0.08881666511297226
0.08881666511297226
0.08881666511297226
0.08881666511297226
0.08881666511297226
0.08881666511297226
0.08881666511297226
0.08881666511297226
0.08881666511297226
0.08881666511297226
0.08881666511297226
0.08881666511297226
0.08881666511297226
0.08881666511297226
0.08881666511297226
0.08881666511297226
0.08881666511297226
0.08881666511297226
0.08881666511297226
0.08881666511297226
0.08881666511297226
0.08881666511297226
0.08881666511297226
0.08881666511297226
0.08881666511297226
0.08881666511297226
0.08881666511297226
0.08881666511297226
0.08881666511297226
0.08881666511297226
0.08881666511297226
0.08881666511297226
0.08881666511297226
0.08881666511297226
0.08881666511297226
0.08881666511297226
0.08881666511297226
0.08881666511297226
0.08881666511297226
0.08881666511297226
0.08881666511297226
0.08881666511297226
0.08881666511297226
0.08881666511297226
0.08881666511297226
0.08881666511297226
0.08881666511297226
0.08881666511297226
0.08881666511297226
0.08881666511297226
0.08881666511297226
0.08881666511297226
0.08881666511297226
0.08881666511297226
0.08881666511297226
0.08881666511297226
0.08881666511297226
0.08881666511297226
0.08881666511297226
0.08881666511297226
0.08881666511297226
0.08881666511297226
0.08881666511297226
0.08881666511297226
0.08881666511297226
0.08881666511297226
0.08881666511297226
0.08881666511297226
0.08881666511297226
0.08881666511297226
0.08881666511297226
0.08881666511297226
0.08881666511297226
0.08881666511297226
0.08881666511297226
0.08881666511297226
0.08881666511297226
0.08881666511297226
0.08881666511297226
0.08881666511297226
0.08881666511297226
0.08881666511297226
0.08881666511297226
0.08881666511297226
0.08881666511297226
0.08881666511297226
0.08881666511297226
0.08881666511297226
0.08881666511297226
0.08881666511297226
0.08881666511297226
0.08881666511297226
0.08881666511297226
0.08881666511297226
0.08881666511297226
0.08881666511297226
0.08881666511297226
0.08881666511297226
0.08881666511297226
0.08881666511297226
0.08881666511297226
0.08881666511297226
0.08881666511297226
0.08881666511297226
0.08881666511297226
0.08881666511297226
0.08881666511297226
0.08881666511297226
0.08881666511297226
0.08881666511297226
0.08881666511297226
0.08881666511297226
0.08881666511297226
0.08881666511297226
0.08881666511297226
0.08881666511297226
0.08881666511297226
0.08881666511297226
0.08881666511297226
0.08881666511297226
0.08881666511297226
0.08881666511297226
0.08881666511297226
0.08881666511297226
0.08881666511297226
0.08881666511297226
0.08881666511297226
0.08881666511297226
0.08881666511297226
0.08881666511297226
0.08881666511297226
0.08881666511297226
0.08881666511297226
0.08881666511297226
0.08881666511297226
0.08881666511297226
0.08881666511297226
0.08881666511297226
0.08881666511297226
0.08881666511297226
0.08881666511297226
0.08881666511297226
0.08881666511297226
0.08881666511297226
0.08881666511297226
0.08881666511297226
0.08881666511297226
0.08881666511297226
0.08881666511297226
0.08881666511297226
0.08881666511297226
0.08881666511297226
0.08881666511297226
0.08881666511297226
0.08881666511297226
0.08881666511297226
0.08881666511297226
0.08881666511297226
0.08881666511297226
0.08881666511297226
0.08881666511297226
0.08881666511297226
0.08881666511297226
0.08881666511297226
0.08881666511297226
0.08881666511297226
0.08881666511297226
0.08881666511297226
0.08881666511297226
0.08881666511297226
0.08881666511297226
0.08881666511297226
0.08881666511297226
0.08881666511297226
0.08881666511297226
0.08881666511297226
0.08881666511297226
0.08881666511297226
0.08881666511297226
0.08881666511297226
0.08881666511297226
0.08881666511297226
0.08881666511297226
0.08881666511297226
0.08881666511297226
0.08881666511297226
0.08881666511297226
0.08881666511297226
0.08881666511297226
0.08881666511297226
0.08881666511297226
0.08881666511297226
0.08881666511297226
0.08881666511297226
0.08881666511297226
0.08881666511297226
0.08881666511297226
0.08881666511297226
0.08881666511297226
0.08881666511297226
0.08881666511297226
0.08881666511297226
0.08881666511297226
0.08881666511297226
0.08881666511297226
0.08881666511297226
0.08881666511297226
0.08881666511297226
0.08881666511297226
0.08881666511297226
0.08881666511297226
0.08881666511297226
0.08881666511297226
0.08881666511297226
0.08881666511297226
0.08881666511297226
0.08881666511297226
0.08881666511297226
0.08881666511297226
0.08881666511297226
0.08881666511297226
0.08881666511297226
0.08881666511297226
0.08881666511297226
0.08881666511297226
0.08881666511297226
0.08881666511297226
0.08881666511297226
0.08881666511297226
0.08881666511297226
0.08881666511297226
0.08881666511297226
0.08881666511297226
0.08881666511297226
0.08881666511297226
0.08881666511297226
0.08881666511297226
0.08881666511297226
0.08881666511297226
0.08881666511297226
0.08881666511297226
0.08881666511297226
0.08881666511297226
0.08881666511297226
0.08881666511297226
0.08881666511297226
0.08881666511297226
0.08881666511297226
0.08881666511297226
0.08881666511297226
0.08881666511297226
0.08881666511297226
0.08881666511297226
0.08881666511297226
0.08881666511297226
0.08881666511297226
0.08881666511297226
0.08881666511297226
0.08881666511297226
0.08881666511297226
0.08881666511297226
0.08881666511297226
0.08881666511297226
0.08881666511297226
0.08881666511297226
0.08881666511297226
0.08881666511297226
0.08881666511297226
0.08881666511297226
0.08881666511297226
0.08881666511297226
0.08881666511297226
0.08881666511297226
0.08881666511297226
0.08881666511297226
0.08881666511297226
0.08881666511297226
0.08881666511297226
0.08881666511297226
0.08881666511297226
0.08881666511297226
0.08881666511297226
0.08881666511297226
0.08881666511297226
0.08881666511297226
0.08881666511297226
0.08881666511297226
0.08881666511297226
0.08881666511297226
0.08881666511297226
0.08881666511297226
0.08881666511297226
0.08881666511297226
0.08881666511297226
0.08881666511297226
0.08881666511297226
0.08881666511297226
0.08881666511297226
0.08881666511297226
0.08881666511297226
0.08881666511297226
0.08881666511297226
0.08881666511297226
0.08881666511297226
0.08881666511297226
0.08881666511297226
0.08881666511297226
0.08881666511297226
0.08881666511297226
0.08881666511297226
0.08881666511297226
0.08881666511297226
0.08881666511297226
0.08881666511297226
0.08881666511297226
0.08881666511297226
0.08881666511297226
0.08881666511297226
0.08881666511297226
0.08881666511297226
0.08881666511297226
0.08881666511297226
0.08881666511297226
0.08881666511297226
0.08881666511297226
0.08881666511297226
0.08881666511297226
0.08881666511297226
0.08881666511297226
0.08881666511297226
0.08881666511297226
0.08881666511297226
0.08881666511297226
0.08881666511297226
0.08881666511297226
0.08881666511297226
0.08881666511297226
0.08881666511297226
0.08881666511297226
0.08881666511297226
0.08881666511297226
0.08881666511297226
0.08881666511297226
0.08881666511297226
0.08881666511297226
0.08881666511297226
0.08881666511297226
0.08881666511297226
0.08881666511297226
0.08881666511297226
0.08881666511297226
0.08881666511297226
0.08881666511297226
0.08881666511297226
0.08881666511297226
0.08881666511297226
0.08881666511297226
0.08881666511297226
0.08881666511297226
0.08881666511297226
0.08881666511297226
0.08881666511297226
0.08881666511297226
0.08881666511297226
0.08881666511297226
0.08881666511297226
0.08881666511297226
0.08881666511297226
0.08881666511297226
0.08881666511297226
0.08881666511297226
0.08881666511297226
0.08881666511297226
0.08881666511297226
0.08881666511297226
0.08881666511297226
0.08881666511297226
0.08881666511297226
0.08881666511297226
0.08881666511297226
0.08881666511297226
0.08881666511297226
0.08881666511297226
0.08881666511297226
0.08881666511297226
0.08881666511297226
0.08881666511297226
0.08881666511297226
0.08881666511297226
0.08881666511297226
0.08881666511297226
0.08881666511297226
0.08881666511297226
0.08881666511297226
0.08881666511297226
0.08881666511297226
0.08881666511297226
0.08881666511297226
0.08881666511297226
0.08881666511297226
0.08881666511297226
0.08881666511297226
0.08881666511297226
0.08881666511297226
0.08881666511297226
0.08881666511297226
0.08881666511297226
0.08881666511297226
0.08881666511297226
0.08881666511297226
0.08881666511297226
0.08881666511297226
0.08881666511297226
0.08881666511297226
0.08881666511297226
0.08881666511297226
0.08881666511297226
0.08881666511297226
0.08881666511297226
0.08881666511297226
0.08881666511297226
0.08881666511297226
0.08881666511297226
0.08881666511297226
0.08881666511297226
0.08881666511297226
0.08881666511297226
0.08881666511297226
0.08881666511297226
0.08881666511297226
0.08881666511297226
0.08881666511297226
0.08881666511297226
0.08881666511297226
0.08881666511297226
0.08881666511297226
0.08881666511297226
0.08881666511297226
0.08881666511297226
0.08881666511297226
0.08881666511297226
0.08881666511297226
0.08881666511297226
0.08881666511297226
0.08881666511297226
0.08881666511297226
0.08881666511297226
0.08881666511297226
0.08881666511297226
0.08881666511297226
0.08881666511297226
0.08881666511297226
0.08881666511297226
0.08881666511297226
0.08881666511297226
0.08881666511297226
0.08881666511297226
0.08881666511297226
0.08881666511297226
0.08881666511297226
0.08881666511297226
0.08881666511297226
0.08881666511297226
0.08881666511297226
0.08881666511297226
0.08881666511297226
0.08881666511297226
0.08881666511297226
0.08881666511297226
0.08881666511297226
0.08881666511297226
0.08881666511297226
0.08881666511297226
0.08881666511297226
0.08881666511297226
0.08881666511297226
0.08881666511297226
0.08881666511297226
0.08881666511297226
0.08881666511297226
0.08881666511297226
0.08881666511297226
0.08881666511297226
0.08881666511297226
0.08881666511297226
0.08881666511297226
0.08881666511297226
0.08881666511297226
0.08881666511297226
0.08881666511297226
0.08881666511297226
0.08881666511297226
0.08881666511297226
0.08881666511297226
0.08881666511297226
0.08881666511297226
0.08881666511297226
0.08881666511297226
0.08881666511297226
0.08881666511297226
0.08881666511297226
0.08881666511297226
0.08881666511297226
0.08881666511297226
0.08881666511297226
0.08881666511297226
0.08881666511297226
0.08881666511297226
0.08881666511297226
0.08881666511297226
0.08881666511297226
0.08881666511297226
0.08881666511297226
0.08881666511297226
0.08881666511297226
0.08881666511297226
0.08881666511297226
0.08881666511297226
0.08881666511297226
0.08881666511297226
0.08881666511297226
0.08881666511297226
0.08881666511297226
0.08881666511297226
0.08881666511297226
0.08881666511297226
0.08881666511297226
0.08881666511297226
0.08881666511297226
0.08881666511297226
0.08881666511297226
0.08881666511297226
0.08881666511297226
0.08881666511297226
0.08881666511297226
0.08881666511297226
0.08881666511297226
0.08881666511297226
0.08881666511297226
0.08881666511297226
0.08881666511297226
0.08881666511297226
0.08881666511297226
0.08881666511297226
0.08881666511297226
0.08881666511297226
0.08881666511297226
0.08881666511297226
0.08881666511297226
0.08881666511297226
0.08881666511297226
0.08881666511297226
0.08881666511297226
0.08881666511297226
0.08881666511297226
0.08881666511297226
0.08881666511297226
0.08881666511297226
0.08881666511297226
0.08881666511297226
0.08881666511297226
0.08881666511297226
0.08881666511297226
0.08881666511297226
0.08881666511297226
0.08881666511297226
0.08881666511297226
0.08881666511297226
0.08881666511297226
0.08881666511297226
0.08881666511297226
0.08881666511297226
0.08881666511297226
0.08881666511297226
0.08881666511297226
0.08881666511297226
0.08881666511297226
0.08881666511297226
0.08881666511297226
0.08881666511297226
0.08881666511297226
0.08881666511297226
0.08881666511297226
0.08881666511297226
0.08881666511297226
0.08881666511297226
0.08881666511297226
0.08881666511297226
0.08881666511297226
0.08881666511297226
0.08881666511297226
0.08881666511297226
0.08881666511297226
0.08881666511297226
0.08881666511297226
0.08881666511297226
0.08881666511297226
0.08881666511297226
0.08881666511297226
0.08881666511297226
0.08881666511297226
0.08881666511297226
0.08881666511297226
0.08881666511297226
0.08881666511297226
0.08881666511297226
0.08881666511297226
0.08881666511297226
0.08881666511297226
0.08881666511297226
0.08881666511297226
0.08881666511297226
0.08881666511297226
0.08881666511297226
0.08881666511297226
0.08881666511297226
0.08881666511297226
0.08881666511297226
0.08881666511297226
0.08881666511297226
0.08881666511297226
0.08881666511297226
0.08881666511297226
0.08881666511297226
0.08881666511297226
0.08881666511297226
0.08881666511297226
0.08881666511297226
0.08881666511297226
0.08881666511297226
0.08881666511297226
0.08881666511297226
0.08881666511297226
0.08881666511297226
0.08881666511297226
0.08881666511297226
0.08881666511297226
0.08881666511297226
0.08881666511297226
0.08881666511297226
0.08881666511297226
0.08881666511297226
0.08881666511297226
0.08881666511297226
0.08881666511297226
0.08881666511297226
0.08881666511297226
0.08881666511297226
0.08881666511297226
0.08881666511297226
0.08881666511297226
0.08881666511297226
0.08881666511297226
0.08881666511297226
0.08881666511297226
0.08881666511297226
0.08881666511297226
0.08881666511297226
0.08881666511297226
0.08881666511297226
0.08881666511297226
0.08881666511297226
0.08881666511297226
0.08881666511297226
0.08881666511297226
0.08881666511297226
0.08881666511297226
0.08881666511297226
0.08881666511297226
0.08881666511297226
0.08881666511297226
0.08881666511297226
0.08881666511297226
0.08881666511297226
0.08881666511297226
0.08881666511297226
0.08881666511297226
0.08881666511297226
0.08881666511297226
0.08881666511297226
0.08881666511297226
0.08881666511297226
0.08881666511297226
0.08881666511297226
0.08881666511297226
0.08881666511297226
0.08881666511297226
0.08881666511297226
0.08881666511297226
0.08881666511297226
0.08881666511297226
0.08881666511297226
0.08881666511297226
0.08881666511297226
0.08881666511297226
0.08881666511297226
0.08881666511297226
0.08881666511297226
0.08881666511297226
0.08881666511297226
0.08881666511297226
0.08881666511297226
0.08881666511297226
0.08881666511297226
0.08881666511297226
0.08881666511297226
0.08881666511297226
0.08881666511297226
0.08881666511297226
0.08881666511297226
0.08881666511297226
0.08881666511297226
0.08881666511297226
0.08881666511297226
0.08881666511297226
0.08881666511297226
0.08881666511297226
0.08881666511297226
0.08881666511297226
0.08881666511297226
0.08881666511297226
0.08881666511297226
0.08881666511297226
0.08881666511297226
0.08881666511297226
0.08881666511297226
0.08881666511297226
0.08881666511297226
0.08881666511297226
0.08881666511297226
0.08881666511297226
0.08881666511297226
0.08881666511297226
0.08881666511297226
0.08881666511297226
0.08881666511297226
0.08881666511297226
0.08881666511297226
0.08881666511297226
0.08881666511297226
0.08881666511297226
0.08881666511297226
0.08881666511297226
0.08881666511297226
0.08881666511297226
0.08881666511297226
0.08881666511297226
0.08881666511297226
0.08881666511297226
0.08881666511297226
0.08881666511297226
0.08881666511297226
0.08881666511297226
0.08881666511297226
0.08881666511297226
0.08881666511297226
0.08881666511297226
0.08881666511297226
0.08881666511297226
0.08881666511297226
0.08881666511297226
0.08881666511297226
0.08881666511297226
0.08881666511297226
0.08881666511297226
0.08881666511297226
0.08881666511297226
0.08881666511297226
0.08881666511297226
0.08881666511297226
0.08881666511297226
0.08881666511297226
0.08881666511297226
0.08881666511297226
0.08881666511297226
0.08881666511297226
0.08881666511297226
0.08881666511297226
0.08881666511297226
0.08881666511297226
0.08881666511297226
0.08881666511297226
0.08881666511297226
0.08881666511297226
0.08881666511297226
0.08881666511297226
0.08881666511297226
0.08881666511297226
0.08881666511297226
0.08881666511297226
0.08881666511297226
0.08881666511297226
0.08881666511297226
0.08881666511297226
0.08881666511297226
0.08881666511297226
0.08881666511297226
0.08881666511297226
0.08881666511297226
0.08881666511297226
0.08881666511297226
0.08881666511297226
0.08881666511297226
0.08881666511297226
0.08881666511297226
0.08881666511297226
0.08881666511297226
0.08881666511297226
0.08881666511297226
0.08881666511297226
0.08881666511297226
0.08881666511297226
0.08881666511297226
0.08881666511297226
0.08881666511297226
0.08881666511297226
0.08881666511297226
0.08881666511297226
0.08881666511297226
0.08881666511297226
0.08881666511297226
0.08881666511297226
0.08881666511297226
0.08881666511297226
0.08881666511297226
0.08881666511297226
0.08881666511297226
0.08881666511297226
0.08881666511297226
0.08881666511297226
0.08881666511297226
0.08881666511297226
0.08881666511297226
0.08881666511297226
0.08881666511297226
0.08881666511297226
0.08881666511297226
0.08881666511297226
0.08881666511297226
0.08881666511297226
0.08881666511297226
0.08881666511297226
0.08881666511297226
0.08881666511297226
0.08881666511297226
0.08881666511297226
0.08881666511297226
0.08881666511297226
0.08881666511297226
0.08881666511297226
0.08881666511297226
0.08881666511297226
0.08881666511297226
0.08881666511297226
0.08881666511297226
0.08881666511297226
0.08881666511297226
0.08881666511297226
0.08881666511297226
0.08881666511297226
0.08881666511297226
0.08881666511297226
0.08881666511297226
0.08881666511297226
0.08881666511297226
0.08881666511297226
0.08881666511297226
0.08881666511297226
0.08881666511297226
0.08881666511297226
0.08881666511297226
0.08881666511297226
0.08881666511297226
0.08881666511297226
0.08881666511297226
0.08881666511297226
0.08881666511297226
0.08881666511297226
0.08881666511297226
0.08881666511297226
0.08881666511297226
0.08881666511297226
0.08881666511297226
0.08881666511297226
0.08881666511297226
0.08881666511297226
0.08881666511297226
0.08881666511297226
0.08881666511297226
0.08881666511297226
0.08881666511297226
0.08881666511297226
0.08881666511297226
0.08881666511297226
0.08881666511297226
0.08881666511297226
0.08881666511297226
0.08881666511297226
0.08881666511297226
0.08881666511297226
0.08881666511297226
0.08881666511297226
0.08881666511297226
0.08881666511297226
0.08881666511297226
0.08881666511297226
0.08881666511297226
0.08881666511297226
0.08881666511297226
0.08881666511297226
0.08881666511297226
0.08881666511297226
0.08881666511297226
0.08881666511297226
0.08881666511297226
0.08881666511297226
0.08881666511297226
0.08881666511297226
0.08881666511297226
0.08881666511297226
0.08881666511297226
0.08881666511297226
0.08881666511297226
0.08881666511297226
0.08881666511297226
0.08881666511297226
0.08881666511297226
0.08881666511297226
0.08881666511297226
0.08881666511297226
0.08881666511297226
0.08881666511297226
0.08881666511297226
0.08881666511297226
0.08881666511297226
0.08881666511297226
0.08881666511297226
0.08881666511297226
0.08881666511297226
0.08881666511297226
0.08881666511297226
0.08881666511297226
0.08881666511297226
0.08881666511297226
0.08881666511297226
0.08881666511297226
0.08881666511297226
0.08881666511297226
0.08881666511297226
0.08881666511297226
0.08881666511297226
0.08881666511297226
0.08881666511297226
0.08881666511297226
0.08881666511297226
0.08881666511297226
0.08881666511297226
0.08881666511297226
0.08881666511297226
0.08881666511297226
0.08881666511297226
0.08881666511297226
0.08881666511297226
0.08881666511297226
0.08881666511297226
0.08881666511297226
0.08881666511297226
0.08881666511297226
0.08881666511297226
0.08881666511297226
0.08881666511297226
0.08881666511297226
0.08881666511297226
0.08881666511297226
0.08881666511297226
0.08881666511297226
0.08881666511297226
0.08881666511297226
0.08881666511297226
0.08881666511297226
0.08881666511297226
0.08881666511297226
0.08881666511297226
0.08881666511297226
0.08881666511297226
0.08881666511297226
0.08881666511297226
0.08881666511297226
0.08881666511297226
0.08881666511297226
0.08881666511297226
0.08881666511297226
0.08881666511297226
0.08881666511297226
0.08881666511297226
0.08881666511297226
0.08881666511297226
0.08881666511297226
0.08881666511297226
0.08881666511297226
0.08881666511297226
0.08881666511297226
0.08881666511297226
0.08881666511297226
0.08881666511297226
0.08881666511297226
0.08881666511297226
0.08881666511297226
0.08881666511297226
0.08881666511297226
0.08881666511297226
0.08881666511297226
0.08881666511297226
0.08881666511297226
0.08881666511297226
0.08881666511297226
0.08881666511297226
0.08881666511297226
0.08881666511297226
0.08881666511297226
0.08881666511297226
0.08881666511297226
0.08881666511297226
0.08881666511297226
0.08881666511297226
0.08881666511297226
0.08881666511297226
0.08881666511297226
0.08881666511297226
0.08881666511297226
0.08881666511297226
0.08881666511297226
0.08881666511297226
0.08881666511297226
0.08881666511297226
0.08881666511297226
0.08881666511297226
0.08881666511297226
0.08881666511297226
0.08881666511297226
0.08881666511297226
0.08881666511297226
0.08881666511297226
0.08881666511297226
