2.292001756571107
2.2803727489406778
2.2495970645193326
2.233224901102357
2.2276399256819386
2.20577511544955
2.1546387753244174
2.139277183403403
2.110653634798729
2.078245259947696
2.036827863272974
2.0128235897775424
1.9738707461599576
1.9339012533931408
1.9192437640691207
1.8987415119753046
1.8779185666876324
1.8494310540668035
1.8241080591234111
1.793739448159428
1.76921779826536
1.7557890293961864
1.7359057927535753
1.7283979512877383
1.7226759053893008
1.7130341610666049
1.6939297692250397
1.6583920494984772
1.6106065653138242
1.5916076918779793
1.5805294230832891
1.5437358274298199
1.518043647378178
1.4974685927568856
1.4716963687185514
1.4649434493759932
1.4536634542174258
1.4502776840985832
1.4281163619736494
1.416044332213321
1.391762426344015
1.3850335589909957
1.366211454747087
1.3554576291876324
1.3409827280852755
1.3127859083272644
1.3092917749437236
1.3057078991906117
1.304406893455376
1.299402527889963
1.29271633342161
1.2798855021848516
1.2739830663648701
1.269639225329383
1.2661003500728283
1.2509208291263905
1.238281767247087
1.2296374046196372
1.2229032354839777
1.2191486681922008
1.2243631653866525
1.210302579200874
1.1980908927270921
1.180679579912606
1.1773673881918698
1.1626483464645128
1.159734952247749
1.1591244713734772
1.1402983584646451
1.1269956685728946
1.1017758644233315
1.0965189529677568
1.0824145300913666
1.0802589028568592
1.0658080537440413
1.065406928628178
1.0648656942076602
1.0545946541479079
1.0484941126936573
1.0447343729310117
1.0383777295128773
1.035285561771716
1.023076784812798
1.0167758747682734
1.000971131405588
0.9867689488297802
0.9898895005048332
0.9904875027931342
0.9826532137596001
0.9702130333851959
0.9686720250016552
0.9543790655621027
0.9454248072737355
0.9447757268356065
0.9402187153444452
0.9295903222035553
0.9252595416570114
0.9250460479219081
0.9138474545236361
0.9104902623063427
0.9011565386238745
0.9000670222912804
0.8874000937251721
0.8822714595471398
0.8786195011462196
0.8709905592061705
0.8616113177800583
0.8584543648412672
0.8506536322124933
0.8459874169301178
0.8467883093882416
0.839519888667737
0.8354562015856727
0.8282199794963255
0.8275222131761454
0.8253958750579317
0.8174464338916844
0.8192824670823954
0.8156608969478284
0.807717856714281
0.8038233094296213
0.8110508029743776
0.807080155712063
0.79963250887596
0.7954248977919757
0.7859213230973583
0.7871414443193856
0.7811436410677635
0.7768956200551178
0.7729152744099245
0.7734876729674258
0.7690114166777012
0.7613357285321769
0.75936475850768
0.7590806605452198
0.755312321549755
0.7478662264549126
0.7432258735268803
0.7440250202760859
0.7382039862163996
0.7330553087137514
0.7259656615176443
0.7226771985070181
0.726162150754767
0.7167682970984507
0.7108454300185382
0.7087948039426641
0.7083029019630561
0.7104021492650954
0.7096350718352754
0.7097248142048463
0.7132110595703125
0.7036628723144531
0.6984592373088255
0.6994348299705376
0.7008988978499073
0.7006295414294227
0.6959017737437103
0.691031827764996
0.687443102820445
0.6868910708669889
0.6849612219858978
0.6886254650051311
0.6872521093336202
0.6819204556739936
0.6829744112693658
0.680623523259567
0.681877912101099
0.6793330564337262
0.6801701561879303
0.8614575660834878
0.6875365305755098
0.6805253756248345
0.67296270596779
0.6640928882663533
0.6565811674473649
0.6529883691820048
0.6536318245580641
0.656312392929853
0.6523398706468485
0.6535442804886122
0.6419430748891022
0.6397698612536414
0.6336755267644333
0.6328357761189088
0.6341456397105072
0.6313684107893605
0.6361974942482124
0.6315431109929489
0.6365768949864274
0.6417033308643406
0.6409772452661546
0.6349692910404529
0.6408275668903932
0.6300848621433064
0.6313486907441738
0.627787121271683
0.6254816863496425
0.6287442223500397
0.6215637336343022
0.6148625390004303
0.613239352985964
0.6089180121987553
0.6078487978143207
0.6020291215282375
0.598688869153039
0.600378198138738
0.5994856236344677
0.5939225665593552
0.5941918583239539
0.5936574127714512
0.5912050150208554
0.589914806818558
0.5869827270507812
0.5909644304695776
0.5901555206816075
0.5881926972987288
0.5863850480419094
0.5848285222457628
0.5825945967334812
0.5840774794756356
0.5786199408062433
0.5768038216283766
0.5724713600288003
0.569831977456303
0.5694391282938295
0.574182348736262
0.570421833102986
0.5690825510833223
0.5675108311539989
0.5658891968807932
0.5617989362296412
0.5646101094908633
0.5639363951602224
0.5601807933742717
0.5598059832039526
0.5582235950534626
0.5561682490979211
0.553864430573027
0.5531304569567664
0.5555162591449285
0.5534188868635792
0.5546143741930946
0.554261159088652
0.5475108259815281
0.5453942509020789
0.5493293374271716
0.5437806986146054
0.5437387369446836
0.5424065024165784
0.5394038507493876
0.5379121424788136
0.5373391620183395
0.5361625542074947
0.5370780815512447
0.5323933100296279
0.5297189162949384
0.5268371711343022
0.5267164585954052
0.5258946176302635
0.5242779941882117
0.5332170906713454
0.5249970646227821
0.5254068536273504
0.5192964844784494
0.524112507448358
0.5192819369041314
0.5178725032483117
0.5173131975076967
0.5184621649273371
0.5140151007700775
0.5160630436266883
0.5129997447385626
0.5092697143554688
0.5092118796655687
0.5077057531324484
0.5052653490486791
0.5064533039674921
0.5023450689800715
0.5002740763001523
0.4995241326800847
0.4956858683440645
0.4958381652832031
0.4929008483886719
0.49342006748005496
0.49122477385957364
0.49064552177817133
0.48870665340100305
0.48909785383838716
0.4862109685348252
0.4872692560745498
0.4872944072141486
0.48706248655157575
0.48652445259740795
0.48373952962584416
0.4820148985264665
0.47693996106163933
0.4765935348252119
0.4758472442626953
0.47436846716929293
0.47256576408774165
0.47130326093253444
0.47013893774000265
0.4676629405910686
0.47004014354641155
0.46733856201171875
0.46896116612321237
0.46253986681922005
0.4616471953311209
0.4611154976537672
0.45906273793366
0.45897150847871426
0.4580582440909693
0.45640256849385924
0.4552213701151185
0.4525704141390526
0.4534746590307203
0.45304476204565014
0.45159744004071767
0.4514467918266684
0.4502426406084481
0.44998327352232853
0.4490131442829714
0.44680146039542507
0.44918887898073356
0.44831292103912873
0.44831854610119837
0.44742687677932996
0.44802740064717955
0.44615722914873546
0.44669616828530523
0.4422514317399364
0.44335966595148635
0.4416405629303496
0.4419243699413235
0.44223656088618907
0.4407542600470074
0.4378175897113347
0.43802856186688954
0.4382897393178132
0.43565562620001325
0.43354412660760394
0.4328052068160752
0.43367208060571705
0.43290962607173594
0.43380801960573356
0.43253248828952595
0.43116918660826603
0.4314714528746524
0.43067634711831304
0.43176266298455707
0.42836580438128974
0.4301157805879237
0.4283314721058991
0.42618502600718355
0.4245015160512116
0.42521728903560313
0.426170219809322
0.4253875279830674
0.42574543063923465
0.42566894272626454
0.42386058225470075
0.4207127457958157
0.4198238566770392
0.4198765188960706
0.42039855051848846
0.4202260162870763
0.41816278231346
0.4184309102721133
0.41812492629229014
0.4173933772717492
0.4162017692953853
0.4175995002358647
0.4159706245034428
0.41736421746722724
0.41617170430846134
0.41452478958388506
0.41155365766105007
0.41225077742237154
0.4116785081766419
0.41359364784370034
0.4185971405546544
0.41128546504651087
0.4100165932865466
0.41337960453356726
0.41081871420650157
0.41027360043283234
0.41279443643860897
0.4087191436250331
0.4079033156572762
0.4089228743213718
0.40828653109275687
0.4062523276118909
0.4055595397949219
0.40469735355700476
0.40437830908823824
0.40405202316025557
0.40503692626953125
0.4041084030927238
0.4017940779863778
0.4022647081795385
0.40173575837733383
0.4014439340365135
0.4024311001017942
0.3988690780381025
0.4000738758151814
0.39940989219536216
0.39968965821346997
0.3988269870564089
0.4004570265947762
0.3991830146918863
0.3974512714450642
0.3977472337625794
0.3976120706331932
0.3974803989216433
0.39549326492568193
0.3939647674560547
0.3937300019345041
0.3934665615275755
0.3927537950418763
0.3910444227315612
0.3914181014238778
0.3907063047764665
0.3903076689122087
0.3907783637612553
0.3895405268265029
0.3895207744533733
0.3889992924059852
0.38712847434868247
0.38811166407698294
0.38687941987635727
0.38733113822290455
0.3862890793105303
0.38724585710945775
0.38402790134235965
0.38382229562533104
0.3828032865362652
0.3807489427469544
0.38083829718121026
0.3773944014209812
0.3768521648342327
0.37751576051873675
0.3747496524099576
0.37397484860177765
0.3728923797607422
0.37337762218410686
0.37211906303793696
0.37198432017180877
0.37339718058957894
0.37183435084456107
0.37142094111038465
0.369792873576536
0.3705774404234805
0.37000604403221
0.36848488500562765
0.36855497198589776
0.36739940966589973
0.367755501957263
0.36793657076560843
0.36647450721870034
0.3662257760258044
0.36742168361857785
0.3654803906456899
0.3655267165879072
0.364583936788268
0.3669723252118644
0.36500478194931807
0.36346028214794096
0.3636999615168167
0.36201179633706304
0.36230730606337724
0.36333543163234905
0.36099349846274165
0.3619326898607157
0.36045850333520923
0.3617090128235898
0.3614307015629138
0.3587067167637712
0.3596140328100172
0.35977079100528003
0.3591368723723848
0.35871838715116855
0.35864823551501257
0.3575130721270028
0.3570004156080343
0.35677929247839973
0.3569068908691406
0.3571236173985368
0.3565176947642181
0.3561785746428926
0.3559320417501159
0.3544816162626622
0.35594752683477887
0.35463931196827
0.35168841733770856
0.35121426339876854
0.35202918618412343
0.34973674709514035
0.3487304752155886
0.34802595235533634
0.3487318006612487
0.3464519048141221
0.345392033205194
0.34524368027509267
0.34462324239439884
0.3442050804526119
0.34395185567564884
0.3432837017511917
0.3430870832022974
0.3423090142718816
0.34242478063551046
0.34261900691662805
0.3424948676157806
0.34160546124991725
0.3405839629092459
0.3406273146807137
0.3401679992675781
0.3393050048310878
0.34093708102985965
0.3392388295319121
0.33807767447778736
0.3375865806967525
0.341881606538417
0.3389998613777807
0.338336071725619
0.3373858888270491
0.336878534090721
0.33616567062119307
0.3358052787134203
0.3368397405592062
0.33491742408881753
0.3343399823722193
0.3350835897154727
0.3332638821359408
0.33364027637546345
0.3320764767921577
0.3331833209021617
0.33264163389044293
0.33254342159982453
0.3308455580371921
0.3292129645913334
0.329382589307882
0.32727858979823227
0.3276418265649828
0.3279455152608581
0.32689608557749605
0.3252999903792042
0.3252682443392479
0.3259974657478979
0.32530251195875265
0.3244124267060878
0.324195991128178
0.3232746124267578
0.3235742601297669
0.32410954620878574
0.32417549521236094
0.32360697600801114
0.32034340551344015
0.3206076864468849
0.32100813267594674
0.3201596858137745
0.3192107313770359
0.3201637268066406
0.31975487531241725
0.3187573319774563
0.31802174196404925
0.31878555427163335
0.31772904476876984
0.3176013493942002
0.31735775834423
0.3167614371089612
0.3171784999006886
0.3164190841933428
0.3159385616496458
0.3151474645582296
0.3151377985032938
0.31525789681127514
0.31476922762596
0.31424603219759667
0.31243883553197827
0.3132877673132945
0.3128858663268008
0.31184280524819585
0.3107010146318856
0.31140495558916514
0.31032355357024627
0.3099737328998113
0.30911681611659164
0.3089739266088453
0.3091318486100536
0.30652948153221
0.30669516223972126
0.30662782313460013
0.30661272598525224
0.30609383017329844
0.3061663094213453
0.30576082003318655
0.30582951691191074
0.30560619548215706
0.307504233667406
0.30551900702007745
0.3047918869277178
0.3084437483448093
0.3055970790022511
0.3029421143612619
0.30461140002234505
0.3026408179331634
0.30348331645383675
0.30375157372426176
0.3024880037469379
0.30183349221439687
0.30106977689064157
0.30192190913830774
0.3007564221398305
0.30086407418978417
0.2999554003699351
0.2989024146128509
0.2994747808424093
0.3011732263080144
0.2993436587058892
0.2989281476554224
0.29901394601595604
0.3014183044433594
0.2976581120895127
0.2976870455984342
0.2988064976061805
0.29827964912026617
0.29761071932517874
0.29844212936142744
0.2993820966300318
0.2975082720740367
0.29671203483969477
0.2975709559553761
0.295445684659279
0.29502622959977487
0.29563994326833953
0.2956789630954548
0.2951525672007415
0.2948989221605204
0.2938573804952331
0.2929602800789526
0.29287121659618315
0.2929535881947663
0.29266509363206766
0.293807304511636
0.2927721961069915
0.2916181532003112
0.29136250382762846
0.2912030624131025
0.29106660616599905
0.29076530973790055
0.2898349115404032
0.289619575112553
0.2897423566397974
0.2895100803698524
0.2881618758379403
0.2877441018314685
0.2898876060873775
0.2875766107591532
0.2878247600490764
0.28795901799606066
0.28779488902981
0.28697802656787935
0.28611826492568193
0.2857553837663036
0.2860415830450543
0.28643604860467425
0.2859723042633574
0.28547655525854077
0.28529387005304885
0.28551964840646515
0.28471148216118247
0.2846426882986295
0.28554803234035686
0.2850312378446935
0.28393457703671215
0.28379246339959613
0.28417073265980863
0.2838059764797405
0.2866520315913831
0.28405955686407575
0.28459070496639965
0.28444225505246956
0.2824360475701801
0.2829200292037705
0.28247377427957826
0.2830080905203092
0.2824297436213089
0.2836701021356098
0.283146195492502
0.2817431950973252
0.2833254539360434
0.28126306048894334
0.28136980735649497
0.2824201098943161
0.28157108112917106
0.2824800135725636
0.2825856289621127
0.2813042462882349
0.2802057427875066
0.2830697722354178
0.28050057362701936
0.27924382484565347
0.27908674337096134
0.2787623647916115
0.2791159031754833
0.2785929663706634
0.2785730200298762
0.27917364088155455
0.27834510803222656
0.2778886051501258
0.27720561269986427
0.2780058262711864
0.2784918445651814
0.27790897175417106
0.2778597686250331
0.2769454697431144
0.2781111830371921
0.2766565872451006
0.2764209811970339
0.27648104651499605
0.27647412833520923
0.2767630431611659
0.27706058954788465
0.2743708723682468
0.2751917434951006
0.2754021014197398
0.275771415839761
0.2754189766059488
0.2744267350536282
0.27432884604243907
0.27410840179960605
0.2726395817126258
0.27431520365052303
0.27248201531878974
0.27320813324491855
0.2726402282714844
0.2734755176608845
0.2713425846423133
0.27072259935282045
0.2711458206176758
0.2714658510887017
0.27213933912374205
0.26997223546949484
0.271253424175715
0.27074122024794756
0.27050302796444653
0.26980285321251823
0.2694579625533799
0.27031620478225965
0.26840368367857853
0.2685206138481528
0.2683359566381422
0.26817092248948954
0.26840239056086135
0.2675379413669392
0.2684501874244819
0.2677815970727953
0.26807067353846664
0.2678864850836285
0.268016750529661
0.26558252108299124
0.2661650706145723
0.2674527895652642
0.2661063792341847
0.2652602923118462
0.265795335931293
0.26531623581708486
0.2650712223376258
0.26602064552953686
0.26572127261404266
0.2652254266253972
0.264476711467161
0.2638889248088255
0.2638869528043068
0.26492788023867847
0.2653194039554919
0.26371278601177667
0.2625316199609789
0.2628250283710027
0.2624039407503807
0.2619053630505578
0.2620356769885047
0.2615102832600222
0.26184078798455707
0.2612222089605816
0.2615347231848765
0.2596036296779827
0.2613578731730833
0.2609028735403287
0.261861073768745
0.2604069952237404
0.26041326684466864
0.2598670862488828
0.25991084211963716
0.25946680165953556
0.2597718319650424
0.2599755303334382
0.259412603863215
0.25843686572575975
0.2586590718414824
0.2582404734724659
0.25806645215567897
0.2592812554310944
0.25934314727783203
0.25971508026123047
0.25778933702889134
0.2589374154301013
0.25817660962120964
0.257175946639756
0.2578677646184372
0.2560634774676824
0.2557484254998676
0.2561677512476
0.2557851338790635
0.2556037902832031
0.25562263747393077
0.2560562036805234
0.2555961932166148
0.2563364384538036
0.2557155318179373
0.2551927404888606
0.25441137410826603
0.2548665515447067
0.25507587497517215
0.254383151814089
0.25399172508110435
0.25486267219155523
0.2540463593046544
0.25368071410615567
0.25309274964413403
0.25344386343228614
0.25597992589918234
0.2526660854533567
0.25335554349220407
0.25309637037374205
0.25310629505222126
0.25258135391493974
0.2520112506413864
0.2519547575611179
0.25205162824210475
0.2514929528963768
0.25078073598570744
0.25124834351620434
0.25080166832875395
0.250313144619182
0.2510308734441208
0.24942005286782476
0.2497668832035388
0.25090721906241725
0.24914592807575808
0.24907074944447663
0.24972459825418764
0.24905660596944518
0.24927994356317035
0.2493623151617535
0.2493768465721001
0.249292179689569
0.24861954834501623
0.24937490689552436
0.24984059091341698
0.2490429797415006
0.2489436359728797
0.24827108544818424
0.2479032581135378
0.24794460555254402
0.24745527364439884
0.24678571345442432
0.245721380589372
0.24614541005280058
0.24575087983729477
0.24572383751303462
0.24675157514669127
0.24566365904727225
0.2453096357442565
0.2451082649877516
0.24584690999176542
0.24720576658087262
0.24476457046250166
0.2443832138837394
0.24468483359126722
0.24458182060112388
0.2440387758158021
0.2447071075439453
0.24330040559930316
0.2428740161960408
0.2440047506558693
0.243441226118702
0.24279177390922935
0.2425448692451089
0.24292226565086236
0.2421337063029661
0.24131972102795618
0.2424092696884931
0.2417812509051824
0.2413212081133309
0.24199139869819253
0.2407282166561838
0.2406143899691307
0.2404456704349841
0.2403236001224841
0.2405277510820809
0.23987298092599643
0.23894103098723848
0.24007435168250132
0.23958923857090836
0.23807084358344643
0.23843387021856793
0.2379469305781995
0.23828918650998906
0.23737209126100703
0.2375750622506869
0.2377262923677089
0.23701160236940547
0.23717954603292174
0.23848806801488845
0.23676346924345373
0.23640582521082992
0.23610409235550187
0.23600878957974708
0.2350343607239804
0.23588791540113546
0.23526805942341433
0.23528722989357123
0.23574101722846597
0.2349574202198093
0.23446238242973716
0.23553916155281712
0.23506154852398373
0.2350482940673828
0.23518992278535486
0.23502033039674922
0.23422671172578455
0.23384509652347887
0.2346048840021683
0.23497461868544756
0.23453316446078026
0.23328840934624107
0.23436575420832229
0.23462321394580907
0.23340509705624338
0.232589947975288
0.23236837225445248
0.23232455172781216
0.2328319064641403
0.23085532754154528
0.2317366842496193
0.2316232778258243
0.2311048830969859
0.2335183580042952
0.2329047736475023
0.23250196747860666
0.23165712518207096
0.23200330895892643
0.23163556244413733
0.23116924803135758
0.23106046450340142
0.23162251811916545
0.23134960562495863
0.23014624644134005
0.2305569406283104
0.23034273567846267
0.22993252641063625
0.22991393784345207
0.2307444103693558
0.22894380860409494
0.22903545832229874
0.22859511941166247
0.228342993784759
0.22890398057840639
0.22897914304571637
0.22853953151379602
0.22893955747959976
0.228079504885916
0.2284360497684802
0.22905367511813923
0.22883690009682867
0.22812356787212826
0.22935361377263475
0.22814094414145258
0.22824120925644698
0.22813698396844379
0.22713879407462428
0.2276749368441307
0.22738143145027806
0.22797506946628376
0.2284606998249636
0.22875947467351365
0.22826391963635462
0.22713177891100866
0.22697170710159562
0.22758723113496424
0.22677872544628078
0.22820197929770258
0.22666418754448325
0.2260046651807882
0.22607105061159297
0.22572315345376226
0.22588841389801542
0.2256543434272378
0.22550445491984739
0.22551817813162076
0.22595500946044922
0.2243887852814238
0.22429306224241094
0.22353794615147476
0.22387792296328787
0.22407981096687962
0.223523721856586
0.2241711050777112
0.22463690224340407
0.22431443101268703
0.22457426685397908
0.22335537409378312
0.22268579773983713
0.22300102751133805
0.22321005999031712
0.2240667504779363
0.22370226908538302
0.22279532481048067
0.22372071217682402
0.22347707263493943
0.22405561350159725
0.2221737069598699
0.22342458821959416
0.22282679606292208
0.22323209148342327
0.2239129017975371
0.22392895262120133
0.22321264622575146
0.2229196580789857
0.22294183504783502
0.22338710396976794
0.22285783088813393
0.22232603622695146
0.22346816628666247
0.222229909088652
0.22217522637318757
0.22202187877590374
0.22225181126998642
0.22077256542141155
0.2214026531930697
0.22215364747128244
0.22077754392462262
0.2209172491299904
0.2220168032888639
0.22254927683684786
0.2213240477998378
0.22073884737693658
0.22190637103581834
0.21987947367005428
0.2205311403436176
0.2198879920830161
0.2198428461107157
0.22007531634831834
0.22021072193727656
0.21970375513626358
0.2213632615946107
0.21970386828406382
0.22019845348293499
0.21884649890964314
0.2194238436424126
0.21984410690048994
0.21961438453803628
0.218597412109375
0.21986227520441604
0.2184665485963983
0.21705517526400292
0.21724442304190944
0.2177122245400639
0.21771557048215703
0.21735018390720173
0.2172298593036199
0.21803794472904528
0.2191682265976728
0.2167451826192565
0.2167250908027261
0.21686069035934188
0.21557253498142048
0.2164914729231495
0.21685309329275357
0.21497530856374966
0.2156169859029479
0.21541008706820214
0.21554942050222622
0.2153398707761603
0.2143986912096961
0.2151149491132316
0.21566921169474973
0.21509311158778305
0.21546443034026583
0.21543645050566076
0.21501764200501522
0.214518530894134
0.21496226423877782
0.2147296970173464
0.21460326243255098
0.2151755640062235
0.2143580549854343
0.21499294345661746
0.21514321989932303
0.2128856626607604
0.21503558401334083
0.21318603774248543
0.21379850678524728
0.21279973498845506
0.2126570556123378
0.2125747486696405
0.2146131871110302
0.212454715017545
0.21306750733973617
0.21312063831394001
0.21281113058833753
0.2125205347093485
0.2125114828853284
0.21064186096191406
0.21112113887980832
0.21132472410040387
0.21171154410152113
0.2113377360974328
0.21171539112672969
0.21111284676244704
0.21139445547330177
0.21142671876034494
0.21083466481354277
0.2107052560579979
0.2106993238804704
0.2103503275725801
0.21045589447021484
0.20972064390020856
0.20984745025634766
0.20992822162175584
0.209207567117982
0.209423695580434
0.20902384741831634
0.20826417308742717
0.2088384789935613
0.20896714420641882
0.207312066676253
0.20843353918043234
0.20823766417422537
0.20737166323904263
0.20777133359747418
0.20761881036273502
0.20876055248713088
0.20718537346791413
0.2066949100817664
0.2068811190330376
0.20668690891589148
0.2072124481201172
0.20680434016858118
0.20625634920799127
0.20685630733683957
0.20574846106060482
0.20668548648640261
0.20587276200116691
0.20545828544487388
0.2061062828969147
0.20559511346332096
0.20587833857132218
0.205062187324136
0.2053701433084779
0.20462666527699616
0.204527208360575
0.20469466710494735
0.20470590106511521
0.2050085229388738
0.2057022321022163
0.20509632563186905
0.20524965706518142
0.2051174357786017
0.20462986574334613
0.20435302540407344
0.20460789890612585
0.20414324938240697
0.20427218938277938
0.20388575731697728
0.2041522042225983
0.2038001690880727
0.20488081140033268
0.20432199057886155
0.203838283732786
0.20390507326287738
0.20416140152236162
0.20407017206741593
0.20348193281787938
0.2035610877861411
0.2034022444385593
0.20293028879973848
0.20370357319460078
0.203359571553893
0.20314274804066804
0.20401838270284361
0.2030584044375662
0.2037762949022196
0.203100640895003
0.20362167035119008
0.20238709853867354
0.20322573387016685
0.2018850779129287
0.20199510606668764
0.20254602270611263
0.20208901874089646
0.20242624767756057
0.2026550325296693
0.2032257015422239
0.20265304436117915
0.2026087550793664
0.20120751655707925
0.20179785712290618
0.20190075696524928
0.2026723764710507
0.20176237720554158
0.20108832343149993
0.20187558966167904
0.2008046618962692
0.2017092947232521
0.20154872183072364
0.20100651757191804
0.20190348867642677
0.2016258563025523
0.20047351061287572
0.20054904485152938
0.20066620131670418
0.20120961787336963
0.20106748807228217
0.20024611586231297
0.20031010902534097
0.20063043044785323
0.1998894578319485
0.19963956283310713
0.20012474060058594
0.19986472695560778
0.1988135030714132
0.20009900755801444
0.19967635203216036
0.20001403356002548
0.1991363945653883
0.1993977174920551
0.19891153755834548
0.19882965087890625
0.19904873734813625
0.19904067152637547
0.2005706237534345
0.19846402184437897
0.19963532787258342
0.1977780390593965
0.19862402899790618
0.19847949076507052
0.19773342649815445
0.1995060322648388
0.1977892891835358
0.19959764965509963
0.19759987976591467
0.19793937165858383
0.1983176570827678
0.1975348521087129
0.19762294575319453
0.1972709591105833
0.19772246732550153
0.19711850053173
0.19715823157358978
0.1965120768142959
0.19648886535127283
0.19751385510978053
0.19707175432625462
0.1971192764023603
0.19646987268480204
0.19676963353561142
0.19719270932472358
0.19649825661869372
0.19640112731416345
0.1960336717508607
0.19566325818077993
0.19521900758904925
0.19617499335337493
0.1954563431820627
0.19575516652252714
0.19631064140190513
0.19593111135191837
0.19573732149803033
0.1962368690361411
0.19538931119239936
0.19486734422586732
0.19486988196938726
0.19501560017213984
0.19449292199086335
0.19466878600039725
0.1955167317794541
0.19518945984921213
0.19507204476049392
0.19517053183862718
0.1939750606730833
0.19391559342206535
0.19326921236717096
0.19383078106379104
0.19433845907954847
0.1927713943740069
0.192998174893654
0.19313498674812962
0.19263621508064915
0.19305539535263838
0.19324651815123478
0.19265512692726264
0.1931704828294657
0.19320879144183659
0.19256426924366063
0.1932273800090208
0.19220990649724412
0.1931173841832048
0.19312813322422867
0.19318061763957395
0.19322825286347986
0.1933093636722888
0.19292036153502384
0.19294693510411148
0.19228243423720537
0.19221208863339181
0.1922622454368462
0.19205630027641685
0.19325922303280588
0.19267399028196172
0.19292396610066043
0.19252120842367915
0.19189584053168862
0.19229934175135727
0.1921526537103168
0.19228637824624273
0.19166290153891352
0.1923185930413715
0.19256006661107986
0.19206546524823723
0.19184122247211002
0.19185302217127914
0.19075409840729277
0.19099287259376654
0.19034679865433
0.19102848182290288
0.1906391725701801
0.1904279094631389
0.19050022707147113
0.19181511765819484
0.19049088429596464
0.19033900762008407
0.19087557065284858
0.1896298941919359
0.19122262728416314
0.1899212336136123
0.18984700865664725
0.18982563988637116
0.1889807006060067
0.18799626625190347
0.18819391929497153
0.18828041270627813
0.18756669254626257
0.18759667671332925
0.18764091750322762
0.18743780103780455
0.18815952236369504
0.18804805561647578
0.1880310026265807
0.18760492033877615
0.18788622193417306
0.18787106012893937
0.18822757268356063
0.18840948201842228
0.1870278019016072
0.1888058710906465
0.18807097612801243
0.1878584199032541
0.18774795532226562
0.18751839459952663
0.1882603532176907
0.18722881705073988
0.18798942889197398
0.1869617074222888
0.18785315044855666
0.1867822873390327
0.1862768399513374
0.18614335787498346
0.18775345107256355
0.18730171656204483
0.18629811173778468
0.1865427049539857
0.1861482070664228
0.1855062387757382
0.18595018225201107
0.18578176983332229
0.18608510292182534
0.18583496546341202
0.18562999014127052
0.186095286223848
0.18625796043266685
0.1860375323538053
0.18474173141738115
0.1858592437485517
0.18611264632920088
0.1847511873406879
0.1858959197998047
0.18512092202396715
0.1850628287105237
0.18538237426240564
0.18547336125777938
0.1849247722302453
0.18494753110206733
0.18438528351864572
0.1838649491132316
0.1839606074963586
0.18454787690760727
0.18396083379195907
0.18479604236150193
0.18465097071760792
0.18353213294077728
0.18448590424101233
0.18361471467098947
0.183690313565529
0.18307902449268407
0.18437624785859705
0.18364241971807965
0.18411516739150224
0.1845005811271021
0.18400489677817133
0.18478029865329548
0.182618787733175
0.18330609596381753
0.18341887199272544
0.1838107351529396
0.18412583561266882
0.18353635173732952
0.18383747036174192
0.18301532228114242
0.18260154077562235
0.18306337776830642
0.18334996498237222
0.18258770441604874
0.18265934313757945
0.18297573671502582
0.18169362666243213
0.18137998096013475
0.18156874381889732
0.18151986396918862
0.18063255891961566
0.18116816827806376
0.18142789097155554
0.18092026144771253
0.18145008410437632
0.17992050364866094
0.1802995326155323
0.18020390656034826
0.1800636356159792
0.18051360825360832
0.1798613111851579
0.18080827745340639
0.18118729025630628
0.18057575872388937
0.18042945861816406
0.17968790409928662
0.17991626868813726
0.18103547823631158
0.18045483605336335
0.18037235130697993
0.18031467825679456
0.18003665794760493
0.1803172483282574
0.1796844935013076
0.1794708219625182
0.17865555973376257
0.17958044601699052
0.17913454670017048
0.17959455716407904
0.17974937568276617
0.17970153032723118
0.17940443653171345
0.17892973301774365
0.17916470867092327
0.17867298449500132
0.17903908228470108
0.1793066768322961
0.17881152589442367
0.17893100997148934
0.17792454412428
0.17841594502077265
0.17763519287109375
0.17828744144762976
0.1786407050439867
0.1789490166357008
0.17796283657267942
0.17713443303512313
0.17748496492030258
0.1777995966248593
0.17890514761714613
0.17788411803164725
0.1786852044574285
0.17714881896972656
0.17693154286530058
0.17761574761342194
0.17792934482380496
0.17782904738086766
0.1771748914556988
0.1772712772175417
0.176607730024952
0.17678231708074021
0.17671410512115995
0.17682198346671413
0.17579080290713553
0.17648266937773108
0.17676623392913302
0.1767159963058213
0.17592093904139633
0.1760503477969412
0.17645263671875
0.17559893656585177
0.1759284067962129
0.17585893404685846
0.17624906766212592
0.17580082456944351
0.17548907005180747
0.17492591728598383
0.17526772062657242
0.17550895173670883
0.17558573060116525
0.17529681577520856
0.1766372939287606
0.1752678337743727
0.1752951185582048
0.17605424331406416
0.17648352606821868
0.17558746014611196
0.1753617949404959
0.17451488365561274
0.17544678510245632
0.17479083497645492
0.17563373759641485
0.17539101940090374
0.17516517639160156
0.1753878835904396
0.17529122304108183
0.17483958551439188
0.17508797726388706
0.17526481111170883
0.17452768552101264
0.17458876916917704
0.17467867317846267
0.17490204310013077
0.17463848954540187
0.17431351289910785
0.17441979101148702
0.17397466756529728
0.17331616353180448
0.17381008600784562
0.17259261567713852
0.17277814574160819
0.17304572412523173
0.17515630237126756
0.1731132895259534
0.17267417907714844
0.1725477606563245
0.17199698949264267
0.17335612086926477
0.1731422553628178
0.17289371813757945
0.1727089477797686
0.17314917354260462
0.17376930430784063
0.1746727894928496
0.17291253300036413
0.17204249107231528
0.17241144988496424
0.1732781297069485
0.17212685083938858
0.1719439555022676
0.17151177939722093
0.17217723393844345
0.1713479575464281
0.1719608145245051
0.17162292286501094
0.171311103691489
0.1719963429337841
0.1720393390978797
0.1716096360804671
0.1716597443920071
0.17306929119562697
0.1715114722817631
0.1718880281610004
0.1724149736307435
0.17258679664741128
0.1717700958251953
0.17277479979951502
0.17169965323755296
0.17177500967252052
0.17130020917472194
0.1710366717839645
0.17115492739919888
0.17071859715348583
0.17074969663458356
0.1706717862921246
0.17049399876998642
0.17069357532565876
0.17059710874395856
0.16930783805200608
0.1701470229585292
0.17001860020524365
0.17054982912742486
0.17070351616810944
0.17028281648280258
0.17050031888282904
0.17031105494095108
0.16957997467558264
0.17126603853904596
0.1696190753225553
0.16941692869542008
0.1701260259595968
0.16977475053173
0.16888062428619902
0.1689450377124851
0.17050094927771617
0.16902062044305316
0.17008600396625065
0.16956652625132415
0.16883420136015295
0.1689745046324649
0.16939593169648767
0.169153924715721
0.16858996375132415
0.16852857298770194
0.16842433153572728
0.16896619635113216
0.16900267843472755
0.16879223969023108
0.16799965551344015
0.16838550567626953
0.16812499094817598
0.16794579716052038
0.16794277449785652
0.1695589938406217
0.16825546652583753
0.16778808529094114
0.1713676290997004
0.1682705636751854
0.16764003947629766
0.16775635541495632
0.16679786423505363
0.16725388219801046
0.16743197683560646
0.16701922982426012
0.1683386948149083
0.16660195690090374
0.16745583485748808
0.16685626466395492
0.16682755745063393
0.16623770180395095
0.1668485706135378
0.166345159886247
0.16693551661604542
0.16708962391998808
0.16599587262687038
0.16688599020747816
0.16685925499867585
0.166114241389905
0.1657236551834365
0.16709880505577993
0.16577028824111162
0.16679948063220007
0.1660977056470968
0.16572779316013142
0.16729383953547072
0.165494320756298
0.1662687851210772
0.1659876936573093
0.16587722907632085
0.16631013256008342
0.1656277381767661
0.16543671236199847
0.1657129061424126
0.16581559585312666
0.16560672501386223
0.1653914694058693
0.1658765178615764
0.16511687585863016
0.16609376163805945
0.16498397568524895
0.16478646811792405
0.16576188297595007
0.16517419330144334
0.16587944354041148
0.16499860407942432
0.1650681576486361
0.1645687232583256
0.1639800960734739
0.16418933868408203
0.1649241043349444
0.16429267495365465
0.16430861262951868
0.16503954741914392
0.16394519805908203
0.16349992913714909
0.16335026692535917
0.16366224773859572
0.163676245737884
0.16381716324111162
0.16376682863397113
0.16337465835829912
0.1637442960577496
0.16354402445130428
0.16504103450451868
0.16410061464471332
0.16317970469846563
0.16304630344196902
0.163157446909759
0.16307958505921444
0.16346792447364936
0.16310053356623244
0.16421547582594015
0.16297692767644334
0.1628519155211368
0.16345900196140095
0.1629913297750182
0.16277040061304124
0.1630018040285272
0.16289352158368645
0.16237384990110235
0.16242169525663733
0.16183428036964545
0.16269438145524365
0.16180560548426742
0.16172860032421046
0.1623629877122782
0.16195329569153866
0.16222304004733845
0.16222344414662507
0.1618967541193558
0.16188362897452663
0.16211176726777674
0.16226267410536943
0.16259549027782375
0.16275144027451338
0.16265052860066043
0.16234384957006423
0.16255947694940082
0.16226698988575047
0.1624955322782872
0.16275268490031614
0.16165846485202595
0.16185443684206172
0.16239790189064154
0.1617582450478764
0.16057596368304752
0.16176514706369174
0.16069215030993445
0.16142437821727687
0.16067243026474776
0.16224888623771022
0.1622199204008458
0.1621447256055929
0.16166460716118247
0.16072590068235235
0.16152752051919195
0.1611567675057104
0.1614904080407094
0.16135884947695975
0.1615160602634236
0.16078570737677106
0.16190952365681277
0.16098584967144466
0.16137511043225305
0.1610435873775159
0.16195308555990962
0.16108897580938825
0.15945586511644266
0.15992048231221861
0.1598533533387265
0.16018930532164494
0.16005325317382812
0.1597428079378807
0.15970837867866128
0.1595717284639003
0.16001882391460873
0.15962167513572564
0.15944556866661977
0.1588055885444253
0.15874636375297935
0.15938107442047636
0.15873506513692565
0.1590117923283981
0.15876996315131753
0.1586602421130164
0.15875260304596464
0.15896808494955805
0.15994972293659793
0.15901542922197762
0.15898230924444684
0.15855399632858017
0.15766302205748478
0.15886234024823723
0.15879574468580343
0.1589113655736891
0.15851384502346233
0.15929071781998974
0.15848964755817996
0.15848067655401715
0.15782270593158268
0.15898484698796678
0.15884816444526284
0.15777338965464446
0.15777400388556012
0.15806094670699813
0.1583951529809984
0.15833397234900523
0.15729930037159032
0.1582568702051195
0.15717459533174158
0.1576265723018323
0.15707717507572497
0.15730534569691804
0.15743414022154728
0.1571251820709746
0.15770853980112884
0.15762257980088057
0.1573847107968088
0.15629603499073094
0.1566347995046842
0.15652249223094875
0.15661629175735733
0.15680083581956766
0.15675843772241624
0.15686647770768505
0.1570761244175798
0.15607264890509137
0.1561833236177089
0.15646079435186871
0.15631232827396715
0.15632212364067466
0.15580998436879304
0.1564056913731462
0.15631712897349212
0.15577604002871756
0.155816837892694
0.15637950573937368
0.15661522493524066
0.15542103072344246
0.15765752630718685
0.15476501594155523
0.155986721232786
0.1553829322427006
0.15534061496540652
0.15503757282838984
0.15566722417281845
0.1548961542420468
0.1548744298643985
0.1549311492402675
0.15484998993954416
0.15451507245079946
0.1549695871644101
0.15427461721129337
0.15428265070511124
0.1541809146687136
0.15406146291959083
0.1540183051157806
0.15330783391402938
0.15368718616033006
0.15458246004783502
0.15332875009310448
0.154160224785239
0.15496470564502782
0.15381189120017877
0.15371110883809752
0.15321230484267412
0.15297747466523767
0.15335913835945775
0.15326373859987422
0.15358782622773767
0.15364520832643672
0.1543898016719495
0.15375408883822167
0.15330220885195975
0.15352701736708818
0.15367516016556046
0.1529997001260014
0.15341362710726464
0.1531975148087841
0.15352981373415156
0.1531420723866608
0.1530440217357571
0.15332894406076206
0.15195082001766916
0.15216258420782575
0.1519697480282541
0.1518315460722325
0.15227631391105007
0.15228468684826868
0.15270831221241063
0.15243100311796545
0.15258865033165883
0.15271450301348152
0.15266917923749504
0.15227869001485533
0.15236463385113216
0.15228609311378608
0.15262506775936838
0.15244406360690876
0.1536055419404628
0.15210167836334745
0.15160279354806674
0.1518585722325212
0.15147522748526882
0.15148967807575808
0.1517387325480833
0.15202279818260064
0.15133642746230302
0.15202325077380163
0.15165608616198523
0.1516107785499702
0.15094319036451437
0.1512724019713321
0.15116694822149762
0.1509535999621375
0.15141149294578424
0.15153163974567996
0.15182748891539494
0.15109556812351033
0.15119489572815975
0.15138857243424755
0.15252730805995102
0.15034219774149232
0.15065665164236294
0.1500756215240996
0.1506686453091896
0.15064685627565547
0.15054195210085078
0.1508389489125397
0.15072765996900656
0.15042489261950476
0.1498680438025523
0.15130317817300054
0.15041249485339148
0.1497359518277443
0.1509227267766403
0.15021472866252317
0.15034103393554688
0.15033553818524895
0.1501465328669144
0.14956293267718815
0.1500379433066158
0.15030345270189188
0.15007374650340968
0.1502226490085408
0.15105708170745333
0.14972121028576868
0.15027762267549158
0.14996103513038764
0.15043040453377415
0.14981538158352092
0.15033511792199086
0.15034446069749735
0.15050280296196372
0.15035926689535883
0.1508538197662871
0.15013502411923166
0.15038865299548132
0.14926587120961335
0.15054680129229012
0.1492706719091383
0.1501641515958107
0.15019167883921478
0.1498325153932733
0.15007132190769001
0.14989477901135462
0.1494004362720554
0.14955753391071902
0.14963919429455774
0.14888795755677303
0.1493310281785868
0.1495361328125
0.15005473767296743
0.14929894269522975
0.14891233282574154
0.14928772489903336
0.14947836277848583
0.1495617850352142
0.1489624088093386
0.14907151561672405
0.1498281511209779
0.14886198205462955
0.14892018851587327
0.14885419102038366
0.148226834959903
0.14803517875024827
0.14803711842682402
0.14808645086773373
0.1487798367516469
0.1481786501609673
0.14859629485566736
0.14842371213234076
0.14842891693115234
0.14814058400816837
0.1485227649494753
0.14830786494885462
0.1481570227671478
0.14841739201949813
0.14769389265674657
