2.302979550119174
2.303633867684057
2.298041133557336
2.294650320279396
2.292829869157177
2.29144287109375
2.295644210556806
2.295647831286414
2.293624619306144
2.2911501092425848
2.2890107752913136
2.291963480286679
2.292449433924788
2.291877100023173
2.2910978672868114
2.2917858059123413
2.2803013688426907
2.2775858216366527
2.2676334704382946
2.2671296717756886
2.2672362246755826
2.2670044979806674
2.2668384616657837
2.2644942978681146
2.268312357239804
2.266999325509799
2.2620823747020657
2.2635668738413663
2.262759451138771
2.259958299539857
2.2605456336069913
2.2469099659030722
2.2240207478151484
2.2141951221530722
2.2127592442399364
2.2137029615499206
2.213775634765625
2.2102454233977755
2.20875756215241
2.217377743478549
2.217218689999338
2.220944938013109
2.2254767983646717
2.2209338172007413
2.2296284821073886
2.1985908120365467
2.2039205260195973
2.2071103888042902
2.213868221994174
2.204695879402807
2.1844865184719278
6.0933217614496854e+29
6.308619155762173e+29
6.308619155762173e+29
6.308619155762173e+29
6.308619155762173e+29
6.308619155762173e+29
6.308619155762173e+29
6.308619155762173e+29
6.308619155762173e+29
6.308619155762173e+29
6.308619155762173e+29
6.308619155762173e+29
6.308619155762173e+29
6.308619155762173e+29
6.308619155762173e+29
6.308619155762173e+29
6.308619155762173e+29
6.308619155762173e+29
6.308619155762173e+29
6.308619155762173e+29
6.308619155762173e+29
6.308619155762173e+29
6.308619155762173e+29
6.308619155762173e+29
6.308619155762173e+29
6.308619155762173e+29
6.308619155762173e+29
6.308619155762173e+29
6.308619155762173e+29
6.308619155762173e+29
6.308619155762173e+29
6.308619155762173e+29
6.308619155762173e+29
6.308619155762173e+29
6.308619155762173e+29
6.308619155762173e+29
6.308619155762173e+29
6.308619155762173e+29
6.308619155762173e+29
6.308619155762173e+29
6.308619155762173e+29
6.308619155762173e+29
6.308619155762173e+29
6.308619155762173e+29
6.308619155762173e+29
6.308619155762173e+29
6.308619155762173e+29
6.308619155762173e+29
6.308619155762173e+29
6.308619155762173e+29
6.308619155762173e+29
6.308619155762173e+29
6.308619155762173e+29
6.308619155762173e+29
6.308619155762173e+29
6.308619155762173e+29
6.308619155762173e+29
6.308619155762173e+29
6.308619155762173e+29
6.308619155762173e+29
6.308619155762173e+29
6.308619155762173e+29
6.308619155762173e+29
6.308619155762173e+29
6.308619155762173e+29
6.308619155762173e+29
6.308619155762173e+29
6.308619155762173e+29
6.308619155762173e+29
6.308619155762173e+29
6.308619155762173e+29
6.308619155762173e+29
6.308619155762173e+29
6.308619155762173e+29
6.308619155762173e+29
6.308619155762173e+29
6.308619155762173e+29
6.308619155762173e+29
6.308619155762173e+29
6.308619155762173e+29
6.308619155762173e+29
6.308619155762173e+29
6.308619155762173e+29
6.308619155762173e+29
6.308619155762173e+29
6.308619155762173e+29
6.308619155762173e+29
6.308619155762173e+29
6.308619155762173e+29
6.308619155762173e+29
6.308619155762173e+29
6.308619155762173e+29
6.308619155762173e+29
6.308619155762173e+29
6.308619155762173e+29
6.308619155762173e+29
6.308619155762173e+29
6.308619155762173e+29
6.308619155762173e+29
6.308619155762173e+29
6.308619155762173e+29
6.308619155762173e+29
6.308619155762173e+29
6.308619155762173e+29
6.308619155762173e+29
6.308619155762173e+29
6.308619155762173e+29
6.308619155762173e+29
6.308619155762173e+29
6.308619155762173e+29
6.308619155762173e+29
6.308619155762173e+29
6.308619155762173e+29
6.308619155762173e+29
6.308619155762173e+29
6.308619155762173e+29
6.308619155762173e+29
6.308619155762173e+29
6.308619155762173e+29
6.308619155762173e+29
6.308619155762173e+29
6.308619155762173e+29
6.308619155762173e+29
6.308619155762173e+29
6.308619155762173e+29
6.308619155762173e+29
6.308619155762173e+29
6.308619155762173e+29
6.308619155762173e+29
6.308619155762173e+29
6.308619155762173e+29
6.308619155762173e+29
6.308619155762173e+29
6.308619155762173e+29
6.308619155762173e+29
6.308619155762173e+29
6.308619155762173e+29
6.308619155762173e+29
6.308619155762173e+29
6.308619155762173e+29
6.308619155762173e+29
6.308619155762173e+29
6.308619155762173e+29
6.308619155762173e+29
6.308619155762173e+29
6.308619155762173e+29
6.308619155762173e+29
6.308619155762173e+29
6.308619155762173e+29
6.308619155762173e+29
6.308619155762173e+29
6.308619155762173e+29
6.308619155762173e+29
6.308619155762173e+29
6.308619155762173e+29
6.308619155762173e+29
6.308619155762173e+29
6.308619155762173e+29
6.308619155762173e+29
6.308619155762173e+29
6.308619155762173e+29
6.308619155762173e+29
6.308619155762173e+29
6.308619155762173e+29
6.308619155762173e+29
6.308619155762173e+29
6.308619155762173e+29
6.308619155762173e+29
6.308619155762173e+29
6.308619155762173e+29
6.308619155762173e+29
6.308619155762173e+29
6.308619155762173e+29
6.308619155762173e+29
6.308619155762173e+29
6.308619155762173e+29
6.308619155762173e+29
6.308619155762173e+29
6.308619155762173e+29
6.308619155762173e+29
6.308619155762173e+29
6.308619155762173e+29
6.308619155762173e+29
6.308619155762173e+29
6.308619155762173e+29
6.308619155762173e+29
6.308619155762173e+29
6.308619155762173e+29
6.308619155762173e+29
6.308619155762173e+29
6.308619155762173e+29
6.308619155762173e+29
6.308619155762173e+29
6.308619155762173e+29
6.308619155762173e+29
6.308619155762173e+29
6.308619155762173e+29
6.308619155762173e+29
6.308619155762173e+29
6.308619155762173e+29
6.308619155762173e+29
6.308619155762173e+29
6.308619155762173e+29
6.308619155762173e+29
6.308619155762173e+29
6.308619155762173e+29
6.308619155762173e+29
6.308619155762173e+29
6.308619155762173e+29
6.308619155762173e+29
6.308619155762173e+29
6.308619155762173e+29
6.308619155762173e+29
6.308619155762173e+29
6.308619155762173e+29
6.308619155762173e+29
6.308619155762173e+29
6.308619155762173e+29
6.308619155762173e+29
6.308619155762173e+29
6.308619155762173e+29
6.308619155762173e+29
6.308619155762173e+29
6.308619155762173e+29
6.308619155762173e+29
6.308619155762173e+29
6.308619155762173e+29
6.308619155762173e+29
6.308619155762173e+29
6.308619155762173e+29
6.308619155762173e+29
6.308619155762173e+29
6.308619155762173e+29
6.308619155762173e+29
6.308619155762173e+29
6.308619155762173e+29
6.308619155762173e+29
6.308619155762173e+29
6.308619155762173e+29
6.308619155762173e+29
6.308619155762173e+29
6.308619155762173e+29
6.308619155762173e+29
6.308619155762173e+29
6.308619155762173e+29
6.308619155762173e+29
6.308619155762173e+29
6.308619155762173e+29
6.308619155762173e+29
6.308619155762173e+29
6.308619155762173e+29
6.308619155762173e+29
6.308619155762173e+29
6.308619155762173e+29
6.308619155762173e+29
6.308619155762173e+29
6.308619155762173e+29
6.308619155762173e+29
6.308619155762173e+29
6.308619155762173e+29
6.308619155762173e+29
6.308619155762173e+29
6.308619155762173e+29
6.308619155762173e+29
6.308619155762173e+29
6.308619155762173e+29
6.308619155762173e+29
6.308619155762173e+29
6.308619155762173e+29
6.308619155762173e+29
6.308619155762173e+29
6.308619155762173e+29
6.308619155762173e+29
6.308619155762173e+29
6.308619155762173e+29
6.308619155762173e+29
6.308619155762173e+29
6.308619155762173e+29
6.308619155762173e+29
6.308619155762173e+29
6.308619155762173e+29
6.308619155762173e+29
6.308619155762173e+29
6.308619155762173e+29
6.308619155762173e+29
6.308619155762173e+29
6.308619155762173e+29
6.308619155762173e+29
6.308619155762173e+29
6.308619155762173e+29
6.308619155762173e+29
6.308619155762173e+29
6.308619155762173e+29
6.308619155762173e+29
6.308619155762173e+29
6.308619155762173e+29
6.308619155762173e+29
6.308619155762173e+29
6.308619155762173e+29
6.308619155762173e+29
6.308619155762173e+29
6.308619155762173e+29
6.308619155762173e+29
6.308619155762173e+29
6.308619155762173e+29
6.308619155762173e+29
6.308619155762173e+29
6.308619155762173e+29
6.308619155762173e+29
6.308619155762173e+29
6.308619155762173e+29
6.308619155762173e+29
6.308619155762173e+29
6.308619155762173e+29
6.308619155762173e+29
6.308619155762173e+29
6.308619155762173e+29
6.308619155762173e+29
6.308619155762173e+29
6.308619155762173e+29
6.308619155762173e+29
6.308619155762173e+29
6.308619155762173e+29
6.308619155762173e+29
6.308619155762173e+29
6.308619155762173e+29
6.308619155762173e+29
6.308619155762173e+29
6.308619155762173e+29
6.308619155762173e+29
6.308619155762173e+29
6.308619155762173e+29
6.308619155762173e+29
6.308619155762173e+29
6.308619155762173e+29
6.308619155762173e+29
6.308619155762173e+29
6.308619155762173e+29
6.308619155762173e+29
6.308619155762173e+29
6.308619155762173e+29
6.308619155762173e+29
6.308619155762173e+29
6.308619155762173e+29
6.308619155762173e+29
6.308619155762173e+29
6.308619155762173e+29
6.308619155762173e+29
6.308619155762173e+29
6.308619155762173e+29
6.308619155762173e+29
6.308619155762173e+29
6.308619155762173e+29
6.308619155762173e+29
6.308619155762173e+29
6.308619155762173e+29
6.308619155762173e+29
6.308619155762173e+29
6.308619155762173e+29
6.308619155762173e+29
6.308619155762173e+29
6.308619155762173e+29
6.308619155762173e+29
6.308619155762173e+29
6.308619155762173e+29
6.308619155762173e+29
6.308619155762173e+29
6.308619155762173e+29
6.308619155762173e+29
6.308619155762173e+29
6.308619155762173e+29
6.308619155762173e+29
6.308619155762173e+29
6.308619155762173e+29
6.308619155762173e+29
6.308619155762173e+29
6.308619155762173e+29
6.308619155762173e+29
6.308619155762173e+29
6.308619155762173e+29
6.308619155762173e+29
6.308619155762173e+29
6.308619155762173e+29
6.308619155762173e+29
6.308619155762173e+29
6.308619155762173e+29
6.308619155762173e+29
6.308619155762173e+29
6.308619155762173e+29
6.308619155762173e+29
6.308619155762173e+29
6.308619155762173e+29
6.308619155762173e+29
6.308619155762173e+29
6.308619155762173e+29
6.308619155762173e+29
6.308619155762173e+29
6.308619155762173e+29
6.308619155762173e+29
6.308619155762173e+29
6.308619155762173e+29
6.308619155762173e+29
6.308619155762173e+29
6.308619155762173e+29
6.308619155762173e+29
6.308619155762173e+29
6.308619155762173e+29
6.308619155762173e+29
6.308619155762173e+29
6.308619155762173e+29
6.308619155762173e+29
6.308619155762173e+29
6.308619155762173e+29
6.308619155762173e+29
6.308619155762173e+29
6.308619155762173e+29
6.308619155762173e+29
6.308619155762173e+29
6.308619155762173e+29
6.308619155762173e+29
6.308619155762173e+29
6.308619155762173e+29
6.308619155762173e+29
6.308619155762173e+29
6.308619155762173e+29
6.308619155762173e+29
6.308619155762173e+29
6.308619155762173e+29
6.308619155762173e+29
6.308619155762173e+29
6.308619155762173e+29
6.308619155762173e+29
6.308619155762173e+29
6.308619155762173e+29
6.308619155762173e+29
6.308619155762173e+29
6.308619155762173e+29
6.308619155762173e+29
6.308619155762173e+29
6.308619155762173e+29
6.308619155762173e+29
6.308619155762173e+29
6.308619155762173e+29
6.308619155762173e+29
6.308619155762173e+29
6.308619155762173e+29
6.308619155762173e+29
6.308619155762173e+29
6.308619155762173e+29
6.308619155762173e+29
6.308619155762173e+29
6.308619155762173e+29
6.308619155762173e+29
6.308619155762173e+29
6.308619155762173e+29
6.308619155762173e+29
6.308619155762173e+29
6.308619155762173e+29
6.308619155762173e+29
6.308619155762173e+29
6.308619155762173e+29
6.308619155762173e+29
6.308619155762173e+29
6.308619155762173e+29
6.308619155762173e+29
6.308619155762173e+29
6.308619155762173e+29
6.308619155762173e+29
6.308619155762173e+29
6.308619155762173e+29
6.308619155762173e+29
6.308619155762173e+29
6.308619155762173e+29
6.308619155762173e+29
6.308619155762173e+29
6.308619155762173e+29
6.308619155762173e+29
6.308619155762173e+29
6.308619155762173e+29
6.308619155762173e+29
6.308619155762173e+29
6.308619155762173e+29
6.308619155762173e+29
6.308619155762173e+29
6.308619155762173e+29
6.308619155762173e+29
6.308619155762173e+29
6.308619155762173e+29
6.308619155762173e+29
6.308619155762173e+29
6.308619155762173e+29
6.308619155762173e+29
6.308619155762173e+29
6.308619155762173e+29
6.308619155762173e+29
6.308619155762173e+29
6.308619155762173e+29
6.308619155762173e+29
6.308619155762173e+29
6.308619155762173e+29
6.308619155762173e+29
6.308619155762173e+29
6.308619155762173e+29
6.308619155762173e+29
6.308619155762173e+29
6.308619155762173e+29
6.308619155762173e+29
6.308619155762173e+29
6.308619155762173e+29
6.308619155762173e+29
6.308619155762173e+29
6.308619155762173e+29
6.308619155762173e+29
6.308619155762173e+29
6.308619155762173e+29
6.308619155762173e+29
6.308619155762173e+29
6.308619155762173e+29
6.308619155762173e+29
6.308619155762173e+29
6.308619155762173e+29
6.308619155762173e+29
6.308619155762173e+29
6.308619155762173e+29
6.308619155762173e+29
6.308619155762173e+29
6.308619155762173e+29
6.308619155762173e+29
6.308619155762173e+29
6.308619155762173e+29
6.308619155762173e+29
6.308619155762173e+29
6.308619155762173e+29
6.308619155762173e+29
6.308619155762173e+29
6.308619155762173e+29
6.308619155762173e+29
6.308619155762173e+29
6.308619155762173e+29
6.308619155762173e+29
6.308619155762173e+29
6.308619155762173e+29
6.308619155762173e+29
6.308619155762173e+29
6.308619155762173e+29
6.308619155762173e+29
6.308619155762173e+29
6.308619155762173e+29
6.308619155762173e+29
6.308619155762173e+29
6.308619155762173e+29
6.308619155762173e+29
6.308619155762173e+29
6.308619155762173e+29
6.308619155762173e+29
6.308619155762173e+29
6.308619155762173e+29
6.308619155762173e+29
6.308619155762173e+29
6.308619155762173e+29
6.308619155762173e+29
6.308619155762173e+29
6.308619155762173e+29
6.308619155762173e+29
6.308619155762173e+29
6.308619155762173e+29
6.308619155762173e+29
6.308619155762173e+29
6.308619155762173e+29
6.308619155762173e+29
6.308619155762173e+29
6.308619155762173e+29
6.308619155762173e+29
6.308619155762173e+29
6.308619155762173e+29
6.308619155762173e+29
6.308619155762173e+29
6.308619155762173e+29
6.308619155762173e+29
6.308619155762173e+29
6.308619155762173e+29
6.308619155762173e+29
6.308619155762173e+29
6.308619155762173e+29
6.308619155762173e+29
6.308619155762173e+29
6.308619155762173e+29
6.308619155762173e+29
6.308619155762173e+29
6.308619155762173e+29
6.308619155762173e+29
6.308619155762173e+29
6.308619155762173e+29
6.308619155762173e+29
6.308619155762173e+29
6.308619155762173e+29
6.308619155762173e+29
6.308619155762173e+29
6.308619155762173e+29
6.308619155762173e+29
6.308619155762173e+29
6.308619155762173e+29
6.308619155762173e+29
6.308619155762173e+29
6.308619155762173e+29
6.308619155762173e+29
6.308619155762173e+29
6.308619155762173e+29
6.308619155762173e+29
6.308619155762173e+29
6.308619155762173e+29
6.308619155762173e+29
6.308619155762173e+29
6.308619155762173e+29
6.308619155762173e+29
6.308619155762173e+29
6.308619155762173e+29
6.308619155762173e+29
6.308619155762173e+29
6.308619155762173e+29
6.308619155762173e+29
6.308619155762173e+29
6.308619155762173e+29
6.308619155762173e+29
6.308619155762173e+29
6.308619155762173e+29
6.308619155762173e+29
6.308619155762173e+29
6.308619155762173e+29
6.308619155762173e+29
6.308619155762173e+29
6.308619155762173e+29
6.308619155762173e+29
6.308619155762173e+29
6.308619155762173e+29
6.308619155762173e+29
6.308619155762173e+29
6.308619155762173e+29
6.308619155762173e+29
6.308619155762173e+29
6.308619155762173e+29
6.308619155762173e+29
6.308619155762173e+29
6.308619155762173e+29
6.308619155762173e+29
6.308619155762173e+29
6.308619155762173e+29
6.308619155762173e+29
6.308619155762173e+29
6.308619155762173e+29
6.308619155762173e+29
6.308619155762173e+29
6.308619155762173e+29
6.308619155762173e+29
6.308619155762173e+29
6.308619155762173e+29
6.308619155762173e+29
6.308619155762173e+29
6.308619155762173e+29
6.308619155762173e+29
6.308619155762173e+29
6.308619155762173e+29
6.308619155762173e+29
6.308619155762173e+29
6.308619155762173e+29
6.308619155762173e+29
6.308619155762173e+29
6.308619155762173e+29
6.308619155762173e+29
6.308619155762173e+29
6.308619155762173e+29
6.308619155762173e+29
6.308619155762173e+29
6.308619155762173e+29
6.308619155762173e+29
6.308619155762173e+29
6.308619155762173e+29
6.308619155762173e+29
6.308619155762173e+29
6.308619155762173e+29
6.308619155762173e+29
6.308619155762173e+29
6.308619155762173e+29
6.308619155762173e+29
6.308619155762173e+29
6.308619155762173e+29
6.308619155762173e+29
6.308619155762173e+29
6.308619155762173e+29
6.308619155762173e+29
6.308619155762173e+29
6.308619155762173e+29
6.308619155762173e+29
6.308619155762173e+29
6.308619155762173e+29
6.308619155762173e+29
6.308619155762173e+29
6.308619155762173e+29
6.308619155762173e+29
6.308619155762173e+29
6.308619155762173e+29
6.308619155762173e+29
6.308619155762173e+29
6.308619155762173e+29
6.308619155762173e+29
6.308619155762173e+29
6.308619155762173e+29
6.308619155762173e+29
6.308619155762173e+29
6.308619155762173e+29
6.308619155762173e+29
6.308619155762173e+29
6.308619155762173e+29
6.308619155762173e+29
6.308619155762173e+29
6.308619155762173e+29
6.308619155762173e+29
6.308619155762173e+29
6.308619155762173e+29
6.308619155762173e+29
6.308619155762173e+29
6.308619155762173e+29
6.308619155762173e+29
6.308619155762173e+29
6.308619155762173e+29
6.308619155762173e+29
6.308619155762173e+29
6.308619155762173e+29
6.308619155762173e+29
6.308619155762173e+29
6.308619155762173e+29
6.308619155762173e+29
6.308619155762173e+29
6.308619155762173e+29
6.308619155762173e+29
6.308619155762173e+29
6.308619155762173e+29
6.308619155762173e+29
6.308619155762173e+29
6.308619155762173e+29
6.308619155762173e+29
6.308619155762173e+29
6.308619155762173e+29
6.308619155762173e+29
6.308619155762173e+29
6.308619155762173e+29
6.308619155762173e+29
6.308619155762173e+29
6.308619155762173e+29
6.308619155762173e+29
6.308619155762173e+29
6.308619155762173e+29
6.308619155762173e+29
6.308619155762173e+29
6.308619155762173e+29
6.308619155762173e+29
6.308619155762173e+29
6.308619155762173e+29
6.308619155762173e+29
6.308619155762173e+29
6.308619155762173e+29
6.308619155762173e+29
6.308619155762173e+29
6.308619155762173e+29
6.308619155762173e+29
6.308619155762173e+29
6.308619155762173e+29
6.308619155762173e+29
6.308619155762173e+29
6.308619155762173e+29
6.308619155762173e+29
6.308619155762173e+29
6.308619155762173e+29
6.308619155762173e+29
6.308619155762173e+29
6.308619155762173e+29
6.308619155762173e+29
6.308619155762173e+29
6.308619155762173e+29
6.308619155762173e+29
6.308619155762173e+29
6.308619155762173e+29
6.308619155762173e+29
6.308619155762173e+29
6.308619155762173e+29
6.308619155762173e+29
6.308619155762173e+29
6.308619155762173e+29
6.308619155762173e+29
6.308619155762173e+29
6.308619155762173e+29
6.308619155762173e+29
6.308619155762173e+29
6.308619155762173e+29
6.308619155762173e+29
6.308619155762173e+29
6.308619155762173e+29
6.308619155762173e+29
6.308619155762173e+29
6.308619155762173e+29
6.308619155762173e+29
6.308619155762173e+29
6.308619155762173e+29
6.308619155762173e+29
6.308619155762173e+29
6.308619155762173e+29
6.308619155762173e+29
6.308619155762173e+29
6.308619155762173e+29
6.308619155762173e+29
6.308619155762173e+29
6.308619155762173e+29
6.308619155762173e+29
6.308619155762173e+29
6.308619155762173e+29
6.308619155762173e+29
6.308619155762173e+29
6.308619155762173e+29
6.308619155762173e+29
6.308619155762173e+29
6.308619155762173e+29
6.308619155762173e+29
6.308619155762173e+29
6.308619155762173e+29
6.308619155762173e+29
6.308619155762173e+29
6.308619155762173e+29
6.308619155762173e+29
6.308619155762173e+29
6.308619155762173e+29
6.308619155762173e+29
6.308619155762173e+29
6.308619155762173e+29
6.308619155762173e+29
6.308619155762173e+29
6.308619155762173e+29
6.308619155762173e+29
6.308619155762173e+29
6.308619155762173e+29
6.308619155762173e+29
6.308619155762173e+29
6.308619155762173e+29
6.308619155762173e+29
6.308619155762173e+29
6.308619155762173e+29
6.308619155762173e+29
6.308619155762173e+29
6.308619155762173e+29
6.308619155762173e+29
6.308619155762173e+29
6.308619155762173e+29
6.308619155762173e+29
6.308619155762173e+29
6.308619155762173e+29
6.308619155762173e+29
6.308619155762173e+29
6.308619155762173e+29
6.308619155762173e+29
6.308619155762173e+29
6.308619155762173e+29
6.308619155762173e+29
6.308619155762173e+29
6.308619155762173e+29
6.308619155762173e+29
6.308619155762173e+29
6.308619155762173e+29
6.308619155762173e+29
6.308619155762173e+29
6.308619155762173e+29
6.308619155762173e+29
6.308619155762173e+29
6.308619155762173e+29
6.308619155762173e+29
6.308619155762173e+29
6.308619155762173e+29
6.308619155762173e+29
6.308619155762173e+29
6.308619155762173e+29
6.308619155762173e+29
6.308619155762173e+29
6.308619155762173e+29
6.308619155762173e+29
6.308619155762173e+29
6.308619155762173e+29
6.308619155762173e+29
6.308619155762173e+29
6.308619155762173e+29
6.308619155762173e+29
6.308619155762173e+29
6.308619155762173e+29
6.308619155762173e+29
6.308619155762173e+29
6.308619155762173e+29
6.308619155762173e+29
6.308619155762173e+29
6.308619155762173e+29
6.308619155762173e+29
6.308619155762173e+29
6.308619155762173e+29
6.308619155762173e+29
6.308619155762173e+29
6.308619155762173e+29
6.308619155762173e+29
6.308619155762173e+29
6.308619155762173e+29
6.308619155762173e+29
6.308619155762173e+29
6.308619155762173e+29
6.308619155762173e+29
6.308619155762173e+29
6.308619155762173e+29
6.308619155762173e+29
6.308619155762173e+29
6.308619155762173e+29
6.308619155762173e+29
6.308619155762173e+29
6.308619155762173e+29
6.308619155762173e+29
6.308619155762173e+29
6.308619155762173e+29
6.308619155762173e+29
6.308619155762173e+29
6.308619155762173e+29
6.308619155762173e+29
6.308619155762173e+29
6.308619155762173e+29
6.308619155762173e+29
6.308619155762173e+29
6.308619155762173e+29
6.308619155762173e+29
6.308619155762173e+29
6.308619155762173e+29
6.308619155762173e+29
6.308619155762173e+29
6.308619155762173e+29
6.308619155762173e+29
6.308619155762173e+29
6.308619155762173e+29
6.308619155762173e+29
6.308619155762173e+29
6.308619155762173e+29
6.308619155762173e+29
6.308619155762173e+29
6.308619155762173e+29
6.308619155762173e+29
6.308619155762173e+29
6.308619155762173e+29
6.308619155762173e+29
6.308619155762173e+29
6.308619155762173e+29
6.308619155762173e+29
6.308619155762173e+29
6.308619155762173e+29
6.308619155762173e+29
6.308619155762173e+29
6.308619155762173e+29
6.308619155762173e+29
6.308619155762173e+29
6.308619155762173e+29
6.308619155762173e+29
6.308619155762173e+29
6.308619155762173e+29
6.308619155762173e+29
6.308619155762173e+29
6.308619155762173e+29
6.308619155762173e+29
6.308619155762173e+29
6.308619155762173e+29
6.308619155762173e+29
6.308619155762173e+29
6.308619155762173e+29
6.308619155762173e+29
6.308619155762173e+29
6.308619155762173e+29
6.308619155762173e+29
6.308619155762173e+29
6.308619155762173e+29
6.308619155762173e+29
6.308619155762173e+29
6.308619155762173e+29
6.308619155762173e+29
6.308619155762173e+29
6.308619155762173e+29
6.308619155762173e+29
6.308619155762173e+29
6.308619155762173e+29
6.308619155762173e+29
6.308619155762173e+29
6.308619155762173e+29
6.308619155762173e+29
6.308619155762173e+29
6.308619155762173e+29
6.308619155762173e+29
6.308619155762173e+29
6.308619155762173e+29
6.308619155762173e+29
6.308619155762173e+29
6.308619155762173e+29
6.308619155762173e+29
6.308619155762173e+29
6.308619155762173e+29
6.308619155762173e+29
6.308619155762173e+29
6.308619155762173e+29
6.308619155762173e+29
6.308619155762173e+29
6.308619155762173e+29
6.308619155762173e+29
6.308619155762173e+29
6.308619155762173e+29
6.308619155762173e+29
6.308619155762173e+29
6.308619155762173e+29
6.308619155762173e+29
6.308619155762173e+29
6.308619155762173e+29
6.308619155762173e+29
6.308619155762173e+29
6.308619155762173e+29
6.308619155762173e+29
6.308619155762173e+29
6.308619155762173e+29
6.308619155762173e+29
6.308619155762173e+29
6.308619155762173e+29
6.308619155762173e+29
6.308619155762173e+29
6.308619155762173e+29
6.308619155762173e+29
6.308619155762173e+29
6.308619155762173e+29
6.308619155762173e+29
6.308619155762173e+29
6.308619155762173e+29
6.308619155762173e+29
6.308619155762173e+29
6.308619155762173e+29
6.308619155762173e+29
6.308619155762173e+29
6.308619155762173e+29
6.308619155762173e+29
6.308619155762173e+29
6.308619155762173e+29
6.308619155762173e+29
6.308619155762173e+29
6.308619155762173e+29
6.308619155762173e+29
6.308619155762173e+29
6.308619155762173e+29
6.308619155762173e+29
6.308619155762173e+29
6.308619155762173e+29
6.308619155762173e+29
6.308619155762173e+29
6.308619155762173e+29
6.308619155762173e+29
6.308619155762173e+29
6.308619155762173e+29
6.308619155762173e+29
6.308619155762173e+29
6.308619155762173e+29
6.308619155762173e+29
6.308619155762173e+29
6.308619155762173e+29
6.308619155762173e+29
6.308619155762173e+29
6.308619155762173e+29
6.308619155762173e+29
6.308619155762173e+29
6.308619155762173e+29
6.308619155762173e+29
6.308619155762173e+29
6.308619155762173e+29
6.308619155762173e+29
6.308619155762173e+29
6.308619155762173e+29
6.308619155762173e+29
6.308619155762173e+29
6.308619155762173e+29
6.308619155762173e+29
6.308619155762173e+29
6.308619155762173e+29
6.308619155762173e+29
6.308619155762173e+29
6.308619155762173e+29
6.308619155762173e+29
6.308619155762173e+29
6.308619155762173e+29
6.308619155762173e+29
6.308619155762173e+29
6.308619155762173e+29
6.308619155762173e+29
6.308619155762173e+29
6.308619155762173e+29
6.308619155762173e+29
6.308619155762173e+29
6.308619155762173e+29
6.308619155762173e+29
6.308619155762173e+29
6.308619155762173e+29
6.308619155762173e+29
6.308619155762173e+29
6.308619155762173e+29
6.308619155762173e+29
6.308619155762173e+29
6.308619155762173e+29
6.308619155762173e+29
6.308619155762173e+29
6.308619155762173e+29
6.308619155762173e+29
6.308619155762173e+29
6.308619155762173e+29
6.308619155762173e+29
6.308619155762173e+29
6.308619155762173e+29
6.308619155762173e+29
6.308619155762173e+29
6.308619155762173e+29
6.308619155762173e+29
6.308619155762173e+29
6.308619155762173e+29
6.308619155762173e+29
6.308619155762173e+29
6.308619155762173e+29
6.308619155762173e+29
6.308619155762173e+29
6.308619155762173e+29
6.308619155762173e+29
6.308619155762173e+29
6.308619155762173e+29
6.308619155762173e+29
6.308619155762173e+29
6.308619155762173e+29
6.308619155762173e+29
6.308619155762173e+29
6.308619155762173e+29
6.308619155762173e+29
6.308619155762173e+29
6.308619155762173e+29
6.308619155762173e+29
6.308619155762173e+29
6.308619155762173e+29
6.308619155762173e+29
6.308619155762173e+29
6.308619155762173e+29
6.308619155762173e+29
6.308619155762173e+29
6.308619155762173e+29
6.308619155762173e+29
6.308619155762173e+29
6.308619155762173e+29
6.308619155762173e+29
6.308619155762173e+29
6.308619155762173e+29
6.308619155762173e+29
6.308619155762173e+29
6.308619155762173e+29
6.308619155762173e+29
6.308619155762173e+29
6.308619155762173e+29
6.308619155762173e+29
6.308619155762173e+29
6.308619155762173e+29
6.308619155762173e+29
6.308619155762173e+29
6.308619155762173e+29
6.308619155762173e+29
6.308619155762173e+29
6.308619155762173e+29
6.308619155762173e+29
6.308619155762173e+29
6.308619155762173e+29
6.308619155762173e+29
6.308619155762173e+29
6.308619155762173e+29
6.308619155762173e+29
6.308619155762173e+29
6.308619155762173e+29
6.308619155762173e+29
6.308619155762173e+29
6.308619155762173e+29
6.308619155762173e+29
6.308619155762173e+29
6.308619155762173e+29
6.308619155762173e+29
6.308619155762173e+29
6.308619155762173e+29
6.308619155762173e+29
6.308619155762173e+29
6.308619155762173e+29
6.308619155762173e+29
6.308619155762173e+29
6.308619155762173e+29
6.308619155762173e+29
6.308619155762173e+29
6.308619155762173e+29
6.308619155762173e+29
6.308619155762173e+29
6.308619155762173e+29
6.308619155762173e+29
6.308619155762173e+29
6.308619155762173e+29
6.308619155762173e+29
6.308619155762173e+29
6.308619155762173e+29
6.308619155762173e+29
6.308619155762173e+29
6.308619155762173e+29
6.308619155762173e+29
6.308619155762173e+29
6.308619155762173e+29
6.308619155762173e+29
6.308619155762173e+29
6.308619155762173e+29
6.308619155762173e+29
6.308619155762173e+29
6.308619155762173e+29
6.308619155762173e+29
6.308619155762173e+29
6.308619155762173e+29
6.308619155762173e+29
6.308619155762173e+29
6.308619155762173e+29
6.308619155762173e+29
6.308619155762173e+29
6.308619155762173e+29
6.308619155762173e+29
6.308619155762173e+29
6.308619155762173e+29
6.308619155762173e+29
6.308619155762173e+29
6.308619155762173e+29
6.308619155762173e+29
6.308619155762173e+29
6.308619155762173e+29
6.308619155762173e+29
6.308619155762173e+29
6.308619155762173e+29
6.308619155762173e+29
6.308619155762173e+29
6.308619155762173e+29
6.308619155762173e+29
6.308619155762173e+29
6.308619155762173e+29
6.308619155762173e+29
6.308619155762173e+29
6.308619155762173e+29
6.308619155762173e+29
6.308619155762173e+29
6.308619155762173e+29
6.308619155762173e+29
6.308619155762173e+29
6.308619155762173e+29
6.308619155762173e+29
6.308619155762173e+29
6.308619155762173e+29
6.308619155762173e+29
6.308619155762173e+29
6.308619155762173e+29
6.308619155762173e+29
6.308619155762173e+29
6.308619155762173e+29
6.308619155762173e+29
6.308619155762173e+29
6.308619155762173e+29
6.308619155762173e+29
6.308619155762173e+29
6.308619155762173e+29
6.308619155762173e+29
6.308619155762173e+29
6.308619155762173e+29
6.308619155762173e+29
6.308619155762173e+29
6.308619155762173e+29
6.308619155762173e+29
6.308619155762173e+29
6.308619155762173e+29
6.308619155762173e+29
6.308619155762173e+29
6.308619155762173e+29
6.308619155762173e+29
6.308619155762173e+29
6.308619155762173e+29
6.308619155762173e+29
6.308619155762173e+29
6.308619155762173e+29
6.308619155762173e+29
6.308619155762173e+29
6.308619155762173e+29
6.308619155762173e+29
6.308619155762173e+29
6.308619155762173e+29
6.308619155762173e+29
6.308619155762173e+29
6.308619155762173e+29
6.308619155762173e+29
6.308619155762173e+29
6.308619155762173e+29
6.308619155762173e+29
6.308619155762173e+29
6.308619155762173e+29
6.308619155762173e+29
6.308619155762173e+29
6.308619155762173e+29
6.308619155762173e+29
6.308619155762173e+29
6.308619155762173e+29
6.308619155762173e+29
6.308619155762173e+29
6.308619155762173e+29
6.308619155762173e+29
6.308619155762173e+29
6.308619155762173e+29
6.308619155762173e+29
6.308619155762173e+29
6.308619155762173e+29
6.308619155762173e+29
6.308619155762173e+29
6.308619155762173e+29
6.308619155762173e+29
6.308619155762173e+29
6.308619155762173e+29
6.308619155762173e+29
6.308619155762173e+29
6.308619155762173e+29
6.308619155762173e+29
6.308619155762173e+29
6.308619155762173e+29
6.308619155762173e+29
6.308619155762173e+29
6.308619155762173e+29
6.308619155762173e+29
6.308619155762173e+29
6.308619155762173e+29
6.308619155762173e+29
6.308619155762173e+29
6.308619155762173e+29
6.308619155762173e+29
6.308619155762173e+29
6.308619155762173e+29
6.308619155762173e+29
6.308619155762173e+29
6.308619155762173e+29
6.308619155762173e+29
6.308619155762173e+29
6.308619155762173e+29
6.308619155762173e+29
6.308619155762173e+29
6.308619155762173e+29
6.308619155762173e+29
6.308619155762173e+29
6.308619155762173e+29
6.308619155762173e+29
6.308619155762173e+29
6.308619155762173e+29
6.308619155762173e+29
6.308619155762173e+29
6.308619155762173e+29
6.308619155762173e+29
6.308619155762173e+29
6.308619155762173e+29
6.308619155762173e+29
6.308619155762173e+29
6.308619155762173e+29
6.308619155762173e+29
6.308619155762173e+29
6.308619155762173e+29
6.308619155762173e+29
6.308619155762173e+29
6.308619155762173e+29
6.308619155762173e+29
6.308619155762173e+29
6.308619155762173e+29
6.308619155762173e+29
6.308619155762173e+29
6.308619155762173e+29
6.308619155762173e+29
6.308619155762173e+29
6.308619155762173e+29
6.308619155762173e+29
6.308619155762173e+29
6.308619155762173e+29
6.308619155762173e+29
6.308619155762173e+29
6.308619155762173e+29
6.308619155762173e+29
6.308619155762173e+29
6.308619155762173e+29
6.308619155762173e+29
6.308619155762173e+29
6.308619155762173e+29
6.308619155762173e+29
6.308619155762173e+29
6.308619155762173e+29
6.308619155762173e+29
6.308619155762173e+29
6.308619155762173e+29
6.308619155762173e+29
6.308619155762173e+29
6.308619155762173e+29
6.308619155762173e+29
6.308619155762173e+29
6.308619155762173e+29
6.308619155762173e+29
6.308619155762173e+29
6.308619155762173e+29
6.308619155762173e+29
6.308619155762173e+29
6.308619155762173e+29
6.308619155762173e+29
6.308619155762173e+29
6.308619155762173e+29
6.308619155762173e+29
6.308619155762173e+29
6.308619155762173e+29
6.308619155762173e+29
6.308619155762173e+29
6.308619155762173e+29
6.308619155762173e+29
6.308619155762173e+29
6.308619155762173e+29
6.308619155762173e+29
6.308619155762173e+29
6.308619155762173e+29
6.308619155762173e+29
6.308619155762173e+29
6.308619155762173e+29
6.308619155762173e+29
6.308619155762173e+29
6.308619155762173e+29
6.308619155762173e+29
6.308619155762173e+29
6.308619155762173e+29
6.308619155762173e+29
6.308619155762173e+29
6.308619155762173e+29
6.308619155762173e+29
6.308619155762173e+29
6.308619155762173e+29
6.308619155762173e+29
6.308619155762173e+29
6.308619155762173e+29
6.308619155762173e+29
6.308619155762173e+29
6.308619155762173e+29
6.308619155762173e+29
6.308619155762173e+29
6.308619155762173e+29
6.308619155762173e+29
6.308619155762173e+29
6.308619155762173e+29
6.308619155762173e+29
6.308619155762173e+29
6.308619155762173e+29
6.308619155762173e+29
6.308619155762173e+29
6.308619155762173e+29
6.308619155762173e+29
6.308619155762173e+29
6.308619155762173e+29
6.308619155762173e+29
6.308619155762173e+29
6.308619155762173e+29
6.308619155762173e+29
6.308619155762173e+29
6.308619155762173e+29
6.308619155762173e+29
6.308619155762173e+29
6.308619155762173e+29
6.308619155762173e+29
6.308619155762173e+29
6.308619155762173e+29
6.308619155762173e+29
6.308619155762173e+29
6.308619155762173e+29
6.308619155762173e+29
6.308619155762173e+29
6.308619155762173e+29
6.308619155762173e+29
6.308619155762173e+29
6.308619155762173e+29
6.308619155762173e+29
6.308619155762173e+29
6.308619155762173e+29
6.308619155762173e+29
6.308619155762173e+29
6.308619155762173e+29
6.308619155762173e+29
6.308619155762173e+29
6.308619155762173e+29
6.308619155762173e+29
6.308619155762173e+29
6.308619155762173e+29
6.308619155762173e+29
6.308619155762173e+29
6.308619155762173e+29
6.308619155762173e+29
6.308619155762173e+29
6.308619155762173e+29
6.308619155762173e+29
6.308619155762173e+29
6.308619155762173e+29
6.308619155762173e+29
6.308619155762173e+29
6.308619155762173e+29
6.308619155762173e+29
6.308619155762173e+29
6.308619155762173e+29
6.308619155762173e+29
6.308619155762173e+29
6.308619155762173e+29
6.308619155762173e+29
6.308619155762173e+29
6.308619155762173e+29
6.308619155762173e+29
6.308619155762173e+29
6.308619155762173e+29
6.308619155762173e+29
6.308619155762173e+29
6.308619155762173e+29
6.308619155762173e+29
6.308619155762173e+29
6.308619155762173e+29
6.308619155762173e+29
6.308619155762173e+29
6.308619155762173e+29
6.308619155762173e+29
6.308619155762173e+29
6.308619155762173e+29
6.308619155762173e+29
6.308619155762173e+29
6.308619155762173e+29
6.308619155762173e+29
6.308619155762173e+29
6.308619155762173e+29
6.308619155762173e+29
6.308619155762173e+29
6.308619155762173e+29
6.308619155762173e+29
6.308619155762173e+29
6.308619155762173e+29
6.308619155762173e+29
6.308619155762173e+29
6.308619155762173e+29
6.308619155762173e+29
6.308619155762173e+29
6.308619155762173e+29
6.308619155762173e+29
6.308619155762173e+29
6.308619155762173e+29
6.308619155762173e+29
6.308619155762173e+29
6.308619155762173e+29
6.308619155762173e+29
6.308619155762173e+29
6.308619155762173e+29
6.308619155762173e+29
6.308619155762173e+29
6.308619155762173e+29
6.308619155762173e+29
6.308619155762173e+29
6.308619155762173e+29
6.308619155762173e+29
6.308619155762173e+29
6.308619155762173e+29
6.308619155762173e+29
6.308619155762173e+29
6.308619155762173e+29
6.308619155762173e+29
6.308619155762173e+29
6.308619155762173e+29
6.308619155762173e+29
6.308619155762173e+29
6.308619155762173e+29
6.308619155762173e+29
6.308619155762173e+29
6.308619155762173e+29
6.308619155762173e+29
6.308619155762173e+29
6.308619155762173e+29
6.308619155762173e+29
6.308619155762173e+29
6.308619155762173e+29
6.308619155762173e+29
6.308619155762173e+29
6.308619155762173e+29
6.308619155762173e+29
6.308619155762173e+29
6.308619155762173e+29
6.308619155762173e+29
6.308619155762173e+29
6.308619155762173e+29
6.308619155762173e+29
6.308619155762173e+29
6.308619155762173e+29
6.308619155762173e+29
6.308619155762173e+29
6.308619155762173e+29
6.308619155762173e+29
6.308619155762173e+29
6.308619155762173e+29
6.308619155762173e+29
6.308619155762173e+29
6.308619155762173e+29
6.308619155762173e+29
6.308619155762173e+29
6.308619155762173e+29
6.308619155762173e+29
6.308619155762173e+29
6.308619155762173e+29
6.308619155762173e+29
6.308619155762173e+29
6.308619155762173e+29
6.308619155762173e+29
6.308619155762173e+29
6.308619155762173e+29
6.308619155762173e+29
6.308619155762173e+29
6.308619155762173e+29
6.308619155762173e+29
6.308619155762173e+29
6.308619155762173e+29
6.308619155762173e+29
6.308619155762173e+29
6.308619155762173e+29
6.308619155762173e+29
6.308619155762173e+29
6.308619155762173e+29
6.308619155762173e+29
6.308619155762173e+29
6.308619155762173e+29
6.308619155762173e+29
6.308619155762173e+29
6.308619155762173e+29
6.308619155762173e+29
6.308619155762173e+29
6.308619155762173e+29
6.308619155762173e+29
6.308619155762173e+29
6.308619155762173e+29
6.308619155762173e+29
6.308619155762173e+29
6.308619155762173e+29
6.308619155762173e+29
6.308619155762173e+29
6.308619155762173e+29
6.308619155762173e+29
6.308619155762173e+29
6.308619155762173e+29
6.308619155762173e+29
6.308619155762173e+29
6.308619155762173e+29
6.308619155762173e+29
6.308619155762173e+29
6.308619155762173e+29
6.308619155762173e+29
6.308619155762173e+29
6.308619155762173e+29
6.308619155762173e+29
6.308619155762173e+29
6.308619155762173e+29
6.308619155762173e+29
6.308619155762173e+29
6.308619155762173e+29
6.308619155762173e+29
6.308619155762173e+29
6.308619155762173e+29
6.308619155762173e+29
6.308619155762173e+29
6.308619155762173e+29
6.308619155762173e+29
6.308619155762173e+29
6.308619155762173e+29
6.308619155762173e+29
6.308619155762173e+29
6.308619155762173e+29
6.308619155762173e+29
6.308619155762173e+29
6.308619155762173e+29
6.308619155762173e+29
6.308619155762173e+29
6.308619155762173e+29
6.308619155762173e+29
6.308619155762173e+29
6.308619155762173e+29
6.308619155762173e+29
6.308619155762173e+29
6.308619155762173e+29
6.308619155762173e+29
6.308619155762173e+29
6.308619155762173e+29
6.308619155762173e+29
6.308619155762173e+29
6.308619155762173e+29
6.308619155762173e+29
6.308619155762173e+29
6.308619155762173e+29
6.308619155762173e+29
6.308619155762173e+29
6.308619155762173e+29
6.308619155762173e+29
6.308619155762173e+29
6.308619155762173e+29
6.308619155762173e+29
6.308619155762173e+29
6.308619155762173e+29
6.308619155762173e+29
6.308619155762173e+29
6.308619155762173e+29
6.308619155762173e+29
6.308619155762173e+29
6.308619155762173e+29
6.308619155762173e+29
6.308619155762173e+29
6.308619155762173e+29
6.308619155762173e+29
6.308619155762173e+29
6.308619155762173e+29
6.308619155762173e+29
6.308619155762173e+29
6.308619155762173e+29
6.308619155762173e+29
6.308619155762173e+29
6.308619155762173e+29
6.308619155762173e+29
6.308619155762173e+29
6.308619155762173e+29
6.308619155762173e+29
6.308619155762173e+29
6.308619155762173e+29
6.308619155762173e+29
6.308619155762173e+29
6.308619155762173e+29
6.308619155762173e+29
6.308619155762173e+29
6.308619155762173e+29
6.308619155762173e+29
6.308619155762173e+29
6.308619155762173e+29
6.308619155762173e+29
6.308619155762173e+29
6.308619155762173e+29
6.308619155762173e+29
6.308619155762173e+29
6.308619155762173e+29
6.308619155762173e+29
6.308619155762173e+29
6.308619155762173e+29
6.308619155762173e+29
6.308619155762173e+29
6.308619155762173e+29
6.308619155762173e+29
6.308619155762173e+29
6.308619155762173e+29
6.308619155762173e+29
6.308619155762173e+29
6.308619155762173e+29
6.308619155762173e+29
6.308619155762173e+29
6.308619155762173e+29
6.308619155762173e+29
6.308619155762173e+29
6.308619155762173e+29
6.308619155762173e+29
6.308619155762173e+29
6.308619155762173e+29
6.308619155762173e+29
6.308619155762173e+29
6.308619155762173e+29
6.308619155762173e+29
6.308619155762173e+29
6.308619155762173e+29
6.308619155762173e+29
6.308619155762173e+29
6.308619155762173e+29
6.308619155762173e+29
6.308619155762173e+29
6.308619155762173e+29
6.308619155762173e+29
6.308619155762173e+29
6.308619155762173e+29
6.308619155762173e+29
6.308619155762173e+29
6.308619155762173e+29
6.308619155762173e+29
6.308619155762173e+29
6.308619155762173e+29
6.308619155762173e+29
6.308619155762173e+29
6.308619155762173e+29
6.308619155762173e+29
6.308619155762173e+29
6.308619155762173e+29
6.308619155762173e+29
6.308619155762173e+29
6.308619155762173e+29
6.308619155762173e+29
6.308619155762173e+29
6.308619155762173e+29
6.308619155762173e+29
6.308619155762173e+29
6.308619155762173e+29
6.308619155762173e+29
6.308619155762173e+29
6.308619155762173e+29
6.308619155762173e+29
6.308619155762173e+29
6.308619155762173e+29
6.308619155762173e+29
6.308619155762173e+29
6.308619155762173e+29
6.308619155762173e+29
6.308619155762173e+29
6.308619155762173e+29
6.308619155762173e+29
6.308619155762173e+29
6.308619155762173e+29
6.308619155762173e+29
6.308619155762173e+29
6.308619155762173e+29
6.308619155762173e+29
6.308619155762173e+29
6.308619155762173e+29
6.308619155762173e+29
6.308619155762173e+29
6.308619155762173e+29
6.308619155762173e+29
6.308619155762173e+29
6.308619155762173e+29
6.308619155762173e+29
6.308619155762173e+29
6.308619155762173e+29
6.308619155762173e+29
6.308619155762173e+29
6.308619155762173e+29
6.308619155762173e+29
6.308619155762173e+29
6.308619155762173e+29
6.308619155762173e+29
6.308619155762173e+29
6.308619155762173e+29
6.308619155762173e+29
6.308619155762173e+29
6.308619155762173e+29
6.308619155762173e+29
6.308619155762173e+29
6.308619155762173e+29
6.308619155762173e+29
6.308619155762173e+29
6.308619155762173e+29
6.308619155762173e+29
6.308619155762173e+29
6.308619155762173e+29
6.308619155762173e+29
6.308619155762173e+29
6.308619155762173e+29
6.308619155762173e+29
6.308619155762173e+29
6.308619155762173e+29
6.308619155762173e+29
6.308619155762173e+29
6.308619155762173e+29
6.308619155762173e+29
6.308619155762173e+29
6.308619155762173e+29
6.308619155762173e+29
6.308619155762173e+29
6.308619155762173e+29
6.308619155762173e+29
6.308619155762173e+29
6.308619155762173e+29
6.308619155762173e+29
6.308619155762173e+29
6.308619155762173e+29
6.308619155762173e+29
6.308619155762173e+29
6.308619155762173e+29
6.308619155762173e+29
6.308619155762173e+29
6.308619155762173e+29
6.308619155762173e+29
6.308619155762173e+29
6.308619155762173e+29
6.308619155762173e+29
6.308619155762173e+29
6.308619155762173e+29
6.308619155762173e+29
6.308619155762173e+29
6.308619155762173e+29
6.308619155762173e+29
6.308619155762173e+29
6.308619155762173e+29
6.308619155762173e+29
6.308619155762173e+29
6.308619155762173e+29
6.308619155762173e+29
6.308619155762173e+29
6.308619155762173e+29
6.308619155762173e+29
6.308619155762173e+29
6.308619155762173e+29
6.308619155762173e+29
6.308619155762173e+29
6.308619155762173e+29
6.308619155762173e+29
6.308619155762173e+29
6.308619155762173e+29
6.308619155762173e+29
6.308619155762173e+29
6.308619155762173e+29
6.308619155762173e+29
6.308619155762173e+29
6.308619155762173e+29
6.308619155762173e+29
6.308619155762173e+29
6.308619155762173e+29
6.308619155762173e+29
6.308619155762173e+29
6.308619155762173e+29
6.308619155762173e+29
6.308619155762173e+29
6.308619155762173e+29
6.308619155762173e+29
6.308619155762173e+29
6.308619155762173e+29
6.308619155762173e+29
6.308619155762173e+29
6.308619155762173e+29
6.308619155762173e+29
6.308619155762173e+29
6.308619155762173e+29
6.308619155762173e+29
6.308619155762173e+29
6.308619155762173e+29
6.308619155762173e+29
6.308619155762173e+29
6.308619155762173e+29
6.308619155762173e+29
6.308619155762173e+29
6.308619155762173e+29
6.308619155762173e+29
6.308619155762173e+29
6.308619155762173e+29
6.308619155762173e+29
6.308619155762173e+29
6.308619155762173e+29
6.308619155762173e+29
6.308619155762173e+29
6.308619155762173e+29
