0.23149999976158142
0.32066667079925537
0.3446333408355713
0.36649999022483826
0.3702999949455261
0.37816667556762695
0.3893499970436096
0.40915000438690186
0.43924999237060547
0.44920000433921814
0.4805166721343994
0.5186667442321777
0.5548999905586243
0.5685333013534546
0.5764166712760925
0.6119832992553711
0.6275166273117065
0.6444833278656006
0.6607000231742859
0.6677000522613525
0.685616672039032
0.6992499828338623
0.7142999768257141
0.7200833559036255
0.7271166443824768
0.7423833608627319
0.7457500100135803
0.747450053691864
0.7524000406265259
0.7585500478744507
0.770383358001709
0.7711666822433472
0.7759833335876465
0.7789499759674072
0.7870166301727295
0.7928667068481445
0.7982000112533569
0.8025333881378174
0.8051499724388123
0.8063166737556458
0.8091000318527222
0.813849925994873
0.8192833662033081
0.8217666745185852
0.8269833326339722
0.830049991607666
0.8331167101860046
0.8372333645820618
0.8382999897003174
0.8408833146095276
0.8424999713897705
0.8441166877746582
0.8464666604995728
0.8477166891098022
0.8498166799545288
0.8508166670799255
0.8535833358764648
0.8556499481201172
0.8568832874298096
0.8588166832923889
0.8594333529472351
0.8621166944503784
0.863016664981842
0.8647167086601257
0.8668832778930664
0.8666499853134155
0.8688833117485046
0.8711832761764526
0.8708333373069763
0.8717333078384399
0.8726000189781189
0.8721833229064941
0.8754333257675171
0.8765000104904175
0.8782999515533447
0.8787499666213989
0.8794333338737488
0.8814833164215088
0.8822833299636841
0.8835666179656982
0.8850499987602234
0.88673335313797
0.8881166577339172
0.8893333077430725
0.8910666108131409
0.8908666968345642
0.8914667367935181
0.8934333324432373
0.8942999839782715
0.8951833248138428
0.895633339881897
0.8962500095367432
0.8976500034332275
0.897766649723053
0.899483323097229
0.899150013923645
0.9006832838058472
0.9011833667755127
0.9019666314125061
0.9019833207130432
0.9027000069618225
0.9035167098045349
0.9040166735649109
0.9045666456222534
0.904699981212616
0.9061000347137451
0.906000018119812
0.90625
0.9074167013168335
0.9073333740234375
0.9077000617980957
0.9090166687965393
0.9090833067893982
0.9101333618164062
0.9106666445732117
0.9109333157539368
0.9111000299453735
0.9116833209991455
0.9116166830062866
0.9135832786560059
0.9131666421890259
0.9134666919708252
0.9143333435058594
0.9146000146865845
0.9156000018119812
0.9154166579246521
0.9155666828155518
0.9160333275794983
0.9162166714668274
0.9170833230018616
0.9177500009536743
0.9182000160217285
0.9185166954994202
0.9193499684333801
0.9193666577339172
0.9199999570846558
0.920699954032898
0.9213833212852478
0.9212999939918518
0.9210000038146973
0.9222999811172485
0.9224833250045776
0.9228333234786987
0.9227333068847656
0.9228833317756653
0.9239000082015991
0.9246333837509155
0.9244500398635864
0.9250333309173584
0.9258500337600708
0.9251833558082581
0.9260666966438293
0.9263833165168762
0.926300048828125
0.9261167049407959
0.9267833232879639
0.9275999665260315
0.927566647529602
0.9284833669662476
0.9286333322525024
0.9295833110809326
0.9295166730880737
0.9296666979789734
0.930400013923645
0.930733323097229
0.9306999444961548
0.9313333630561829
0.9321833848953247
0.9321499466896057
0.9324833750724792
0.9323832988739014
0.9323166608810425
0.9331000447273254
0.9341832995414734
0.9332833290100098
0.9345499873161316
0.9335833787918091
0.9342666268348694
0.9346333742141724
0.9348499774932861
0.9351000785827637
0.9355499744415283
0.9358833432197571
0.9366500377655029
0.9362332820892334
0.9366000294685364
0.9368833303451538
0.9370666146278381
0.9373000264167786
0.9375333189964294
0.9378666877746582
0.9368333220481873
0.9375333189964294
0.9384167194366455
0.9387666583061218
0.9391000270843506
0.9390166997909546
0.9396333694458008
0.9399833679199219
0.9396499991416931
0.9400833249092102
0.9409500360488892
0.9410333037376404
0.941433310508728
0.9421833157539368
0.9420333504676819
0.9423499703407288
0.9424333572387695
0.942466676235199
0.9426500201225281
0.9431666731834412
0.9431999921798706
0.9430166482925415
0.9436500072479248
0.9439500570297241
0.9440500140190125
0.9440999627113342
0.9441167116165161
0.9448332786560059
0.9447166919708252
0.9451000094413757
0.9448833465576172
0.9458333253860474
0.945816695690155
0.9465000033378601
0.9458833336830139
0.946066677570343
0.9466167092323303
0.9465667009353638
0.9464166164398193
0.9467666745185852
0.9470833539962769
0.947433352470398
0.947516679763794
0.9478833675384521
0.948033332824707
0.9481666684150696
0.9486500024795532
0.9488833546638489
0.9487167000770569
0.9496166706085205
0.9488999843597412
0.9498833417892456
0.9498499631881714
0.949400007724762
0.9499833583831787
0.9498167037963867
0.9497833251953125
0.9504166841506958
0.9504500031471252
0.9507833123207092
0.9505000114440918
0.9510833621025085
0.9511499404907227
0.9512667059898376
0.9513000249862671
0.9516500234603882
0.9516333341598511
0.9519833326339722
0.9517166614532471
0.9518666863441467
0.9519500136375427
0.9528166651725769
0.9525666236877441
0.952383279800415
0.9523167014122009
0.9526166915893555
0.9527166485786438
0.9529666900634766
0.9531000256538391
0.953083336353302
0.9533166289329529
0.9537000060081482
0.9538834095001221
0.9537500143051147
0.9538999795913696
0.9540833830833435
0.9537832736968994
0.9541500210762024
0.954033374786377
0.9544999599456787
0.95455002784729
0.9547500014305115
0.9552500247955322
0.9546499252319336
0.9551666975021362
0.9547833800315857
0.9547500014305115
0.9549833536148071
0.955133318901062
0.9559166431427002
0.9556666016578674
0.9557166695594788
0.9558833837509155
0.9564000368118286
0.9560333490371704
0.9563666582107544
0.9563833475112915
0.9564167261123657
0.9564666748046875
0.9563166499137878
0.9569166302680969
0.9564499855041504
0.9570165872573853
0.9567999839782715
0.9565166234970093
0.9570000171661377
0.9574833512306213
0.9579333066940308
0.9578666687011719
0.9578333497047424
0.9575333595275879
0.9578333497047424
0.9578999876976013
0.9580333232879639
0.9582833647727966
0.9581166505813599
0.958133339881897
0.9581833481788635
0.9579999446868896
0.9584999680519104
0.9584166407585144
0.958633303642273
0.9587666988372803
0.9590333104133606
0.9591332674026489
0.9589666724205017
0.9591666460037231
0.9592000246047974
0.959433376789093
0.959683358669281
0.9595000743865967
0.9595000147819519
0.9596166610717773
0.9596333503723145
0.9598333835601807
0.9598000049591064
0.960349977016449
0.9602000117301941
0.9606833457946777
0.9608333110809326
0.9604499340057373
0.9610832929611206
0.9606500267982483
0.9607499837875366
0.9610832929611206
0.9612500071525574
0.9611166715621948
0.9613666534423828
0.960983395576477
0.9612833261489868
0.9614499807357788
0.9619333148002625
0.961733341217041
0.9617500305175781
0.961650013923645
0.9618833065032959
0.9621167182922363
0.9618332982063293
0.9622833728790283
0.9623333215713501
0.9624166488647461
0.9622833728790283
0.9627833366394043
0.9630166888237
0.9631500244140625
0.9630333185195923
0.9634166955947876
0.9632499814033508
0.9633000493049622
0.9634499549865723
0.9635332822799683
0.963533341884613
0.9637166857719421
0.9638667106628418
0.9637499451637268
0.9641666412353516
0.9642167091369629
0.9640666246414185
0.9639666676521301
0.9644333720207214
0.9645333290100098
0.9644833207130432
0.9643332958221436
0.9644166231155396
0.9648499488830566
0.9648500084877014
0.9648500084877014
0.9648333787918091
0.9648666381835938
0.9650166630744934
0.964983344078064
0.965416669845581
0.9654500484466553
0.9649999737739563
0.9655166864395142
0.965583324432373
0.9659667015075684
0.9655166864395142
0.9659166932106018
0.9660000205039978
0.9659000635147095
0.9665166139602661
0.9663333296775818
0.9663000106811523
0.96670001745224
0.9665666818618774
0.966416597366333
0.96628338098526
0.9662333130836487
0.9664666652679443
0.9665833711624146
0.9664999842643738
0.9663833379745483
0.9668500423431396
0.9666833877563477
0.9671666622161865
0.9670833349227905
0.9673500061035156
0.967033326625824
0.9672000408172607
0.9674833416938782
0.9672666788101196
0.9672166109085083
0.9676166772842407
0.9674000144004822
0.9673666954040527
0.9676166772842407
0.967716634273529
0.9679499864578247
0.9679833054542542
0.9676999449729919
0.9682166576385498
0.9683000445365906
0.9682499766349792
0.9681999683380127
0.9685666561126709
0.9685333371162415
0.9688666462898254
0.9686166048049927
0.9689333438873291
0.9689500331878662
0.9685333371162415
0.969249963760376
0.9688500165939331
0.9692666530609131
0.9691166877746582
0.9694000482559204
0.9693499803543091
0.9694833755493164
0.9693166613578796
0.9693167209625244
0.9697666764259338
0.9695333242416382
0.9696500301361084
0.9698333740234375
0.9699000120162964
0.969833254814148
0.9696667194366455
0.9698166251182556
0.9704166650772095
0.9701833128929138
0.9699333906173706
0.9707499742507935
0.9706833362579346
0.9708833694458008
0.9706833362579346
0.9705999493598938
0.9708499908447266
0.9701000452041626
0.9705333113670349
0.9707333445549011
0.9707167148590088
0.9707667231559753
0.970916748046875
0.9713166952133179
0.9710166454315186
0.971333384513855
0.9712499976158142
0.9712833166122437
0.9712666869163513
0.9714000225067139
0.9711166620254517
0.9711333513259888
0.9711999893188477
0.9712333679199219
0.9715166687965393
0.9712833762168884
0.9712333679199219
0.9716166853904724
0.9715999364852905
0.9715666770935059
0.9717833399772644
0.9718500375747681
0.9717333316802979
0.9718999862670898
0.9716833233833313
0.972183346748352
0.9724833369255066
0.9724000692367554
0.9723333120346069
0.9721167087554932
0.9723000526428223
0.972266674041748
0.9726333618164062
0.9725333452224731
0.9721500277519226
0.9723000526428223
0.9724666476249695
0.9725333452224731
0.9725499749183655
0.9729333519935608
0.9728000164031982
0.9728666543960571
0.9728000164031982
0.9728666543960571
0.9730166792869568
0.9728666543960571
0.9728167057037354
0.9729166626930237
0.9737499952316284
0.972933292388916
0.9729999899864197
0.9731333255767822
0.9731666445732117
0.9733666777610779
0.9733499884605408
0.9734500050544739
0.9743333458900452
0.9733666777610779
0.973633348941803
0.9736666679382324
0.9736000299453735
0.9736833572387695
0.9737833142280579
0.9738333821296692
0.974049985408783
0.9742333889007568
0.9742833375930786
0.9742000102996826
0.9744499921798706
0.9740667343139648
0.974299967288971
0.9746999740600586
0.9746333360671997
0.9749833345413208
0.9749999642372131
0.9749833941459656
0.9750333428382874
0.9747000336647034
0.975183367729187
0.9748333692550659
0.9747499823570251
0.9753667116165161
0.9749499559402466
0.9751333594322205
0.9752000570297241
0.9752166867256165
0.9753333330154419
0.9755333065986633
0.9756166934967041
0.9755499958992004
0.9754832983016968
0.9757999777793884
0.9753833413124084
0.9753000140190125
0.9753333330154419
0.9755333065986633
0.9757999777793884
0.9755999445915222
0.9758333563804626
0.975433349609375
0.9756000638008118
0.975933313369751
0.9757333397865295
0.9757000207901001
0.9757999777793884
0.9758000373840332
0.9759500026702881
0.9759500026702881
0.976099967956543
0.9764499664306641
0.9760500192642212
0.9762000441551208
0.9765166640281677
0.9761666059494019
0.976349949836731
0.9767666459083557
0.9765500426292419
0.9765332937240601
0.976516604423523
0.9768166542053223
0.976733386516571
0.9766166806221008
0.9767000079154968
0.9768166542053223
0.9769166707992554
0.9765999913215637
0.9771167039871216
0.9771499633789062
0.9770833253860474
0.9768666625022888
0.9769999980926514
0.9773000478744507
0.9771000146865845
0.9772833585739136
0.9771167039871216
0.9773833751678467
0.9774333238601685
0.9775499701499939
0.9774667024612427
0.9772000312805176
0.9771833419799805
0.9775500297546387
0.9773000478744507
0.9773833751678467
0.9778667092323303
0.9775500297546387
0.9775833487510681
0.9777833223342896
0.9777666330337524
0.9777666330337524
0.9777833819389343
0.9775834083557129
0.9778833389282227
0.9778499603271484
0.9779833555221558
0.9780333042144775
0.9780499935150146
0.9782333374023438
0.9779666662216187
0.9779666662216187
0.9781333208084106
0.9780833721160889
0.9780333638191223
0.9778666496276855
0.9778666496276855
0.9783000349998474
0.9781000018119812
0.9783332943916321
0.9781666398048401
0.9784833192825317
0.9781666994094849
0.9783833026885986
0.978516697883606
0.9785000085830688
0.9781166315078735
0.9782666563987732
0.97843337059021
0.9782166481018066
0.9785333275794983
0.9787333607673645
0.9787166714668274
0.9787500500679016
0.9786666631698608
0.9784333109855652
0.9786999821662903
0.9787833094596863
0.9787999987602234
0.978950023651123
0.9787999987602234
0.9788333177566528
0.979116678237915
0.9788499474525452
0.9789166450500488
0.9790499806404114
0.9790999889373779
0.9793833494186401
0.9790666699409485
0.9794332981109619
0.9789833426475525
0.9792166948318481
0.9796000123023987
0.979366660118103
0.9794000387191772
0.9795500040054321
0.9795666933059692
0.9795333743095398
0.9796333312988281
0.9796832799911499
0.9799333810806274
0.9799333214759827
0.9798499941825867
0.9798333644866943
0.9798166751861572
0.9797666072845459
0.9800000190734863
0.9797000288963318
0.9800666570663452
0.9799833297729492
0.9796832799911499
0.9801833629608154
0.9798333644866943
0.9799332618713379
0.9798499941825867
0.9798499941825867
0.9803000092506409
0.9798166751861572
0.979866623878479
0.9799500107765198
0.9802666902542114
0.9801332950592041
0.9799000024795532
0.9802833199501038
0.9799000024795532
0.9801666736602783
0.9800833463668823
0.9803500175476074
0.9801833033561707
0.9801499843597412
0.9802833199501038
0.9800500273704529
0.9804667234420776
0.979949951171875
0.9804666638374329
0.9803832769393921
0.9805666208267212
0.9804166555404663
0.98048335313797
0.9804999828338623
0.9805833101272583
0.9806333780288696
0.980733335018158
0.980316698551178
0.9807167053222656
0.9806166887283325
0.9807166457176208
0.9807332754135132
0.9807000160217285
0.9808000326156616
0.9807499647140503
0.9807000160217285
0.9806666374206543
0.9804666638374329
0.9808332920074463
0.9808833003044128
0.9807666540145874
0.9807833433151245
0.9808833003044128
0.9810666441917419
0.9810500144958496
0.9811333417892456
0.9809499382972717
0.9812166094779968
0.9813499450683594
0.9813166260719299
0.9813333749771118
0.9815000295639038
0.9813833236694336
0.9813166856765747
0.9815833568572998
0.9813833236694336
0.9816333055496216
0.9817666411399841
0.9816166162490845
0.981666624546051
0.9815167188644409
0.9817166328430176
0.9815000295639038
0.9815666675567627
0.9819499850273132
0.9817500114440918
0.9816166758537292
0.9816500544548035
0.9817333817481995
0.9817999601364136
0.9817500114440918
0.9815167188644409
0.9816833138465881
0.9816333651542664
0.9819166660308838
0.9819666743278503
0.9818000197410583
0.9819333553314209
0.9822166562080383
0.9817333221435547
0.9820166826248169
0.9818832874298096
0.9820833206176758
0.981866717338562
0.9818333387374878
0.9821833372116089
0.982200026512146
0.9820166826248169
0.9821333289146423
0.9823000431060791
0.9821833372116089
0.9824999570846558
0.9825833439826965
0.9825000166893005
0.9824333190917969
0.9826833605766296
0.98253333568573
0.9827499985694885
0.9827166795730591
0.9826333522796631
0.9823833703994751
0.9824666976928711
0.9822333455085754
0.9824666380882263
0.9821833372116089
0.9824666380882263
0.982783317565918
0.9824666976928711
0.9825499653816223
0.9829333424568176
0.9825666546821594
0.9826500415802002
0.9824999570846558
0.9825999736785889
0.9827499389648438
0.9828333258628845
0.9829666614532471
0.9828999638557434
0.9829666614532471
0.9828333258628845
0.9828333854675293
0.9828500151634216
0.9830166697502136
0.9829000234603882
0.9831833243370056
0.9830666184425354
0.9831500053405762
0.9832166433334351
0.9832500219345093
0.9831833243370056
0.983383297920227
0.9832833409309387
0.9835000038146973
0.9832000136375427
0.9833166599273682
0.9834500551223755
0.9832500219345093
0.9833667278289795
0.9832166433334351
0.983199954032898
0.9831833243370056
0.9832166433334351
0.9833333492279053
0.9833333492279053
0.983466625213623
0.9832000136375427
0.9834333658218384
0.9834499955177307
0.9832333326339722
0.983383297920227
0.9834499955177307
0.9835166931152344
0.9836333394050598
0.9833000302314758
0.9833166599273682
0.9835500121116638
0.9835833311080933
0.9837499856948853
0.9835833311080933
0.9836666584014893
0.9835667014122009
0.9836000204086304
0.983916699886322
0.9837000370025635
0.983833372592926
0.984000027179718
0.98375004529953
0.9838666915893555
0.9838500022888184
0.9839333295822144
0.9841499924659729
0.984333336353302
0.9837833642959595
0.9842166900634766
0.9840999841690063
0.9841333031654358
0.9843000173568726
0.9840333461761475
0.98416668176651
0.9844500422477722
0.9840999841690063
0.9843166470527649
0.9843833446502686
0.9843666553497314
0.9842166900634766
0.9844332933425903
0.9843166470527649
0.9843666553497314
0.9844000339508057
0.984333336353302
0.9845333695411682
0.9844333529472351
0.9843166470527649
0.9844666719436646
0.9844000339508057
0.9844833612442017
0.9845166802406311
0.984499990940094
0.9846166372299194
0.9846833348274231
0.9844833016395569
0.9845166206359863
0.9845999479293823
0.9849166870117188
0.9847667217254639
0.9848333597183228
0.9846833944320679
0.9847666621208191
0.9848333597183228
0.984666645526886
0.9848500490188599
0.9848833084106445
0.9853333830833435
0.9849166870117188
0.984833300113678
0.9850666522979736
0.9850666522979736
0.9848999977111816
0.9850167036056519
0.9850666522979736
0.9849166870117188
0.9846999645233154
0.9849666953086853
0.9850166440010071
0.9848999977111816
0.9853000044822693
0.9850166440010071
0.9849166870117188
0.9850166440010071
0.9850500226020813
0.9853000044822693
0.9850333333015442
0.9851333498954773
0.985283374786377
0.9854333400726318
0.9852500557899475
0.9851666688919067
0.9852832555770874
0.985366702079773
0.9853666424751282
0.9850999712944031
0.9855333566665649
0.9853000044822693
0.985366702079773
0.9854166507720947
0.9853333234786987
0.9854499697685242
0.9853833913803101
0.9851833581924438
0.9852666854858398
0.9853666424751282
0.9853000640869141
0.9853333830833435
0.9855999946594238
0.9856500029563904
0.9855333566665649
0.9855499863624573
0.9855499863624573
0.9857500195503235
0.9858333468437195
0.9853833317756653
0.9857000112533569
0.985633373260498
0.9855833053588867
0.9857666492462158
0.9856500029563904
0.985550045967102
0.9857666492462158
0.9858999848365784
0.9858500361442566
0.9859167337417603
0.9856166243553162
0.9858333468437195
0.9855666756629944
0.985883355140686
0.986133337020874
0.9856833219528198
0.9857499599456787
0.9858333468437195
0.9861166477203369
0.9858166575431824
0.985966682434082
0.9859000444412231
0.9859333634376526
0.9859000444412231
0.9858666658401489
0.9858167171478271
0.9858166575431824
0.9859166741371155
0.9858666658401489
0.9857166409492493
0.9859833121299744
0.98580002784729
0.9861000776290894
0.9860333800315857
0.98580002784729
0.985883355140686
0.9858332872390747
0.9862166047096252
0.9862833023071289
0.9861500263214111
0.986133337020874
0.9859000444412231
0.9861833453178406
0.9862333536148071
0.9863166213035583
0.9863333702087402
0.9862166047096252
0.9862333536148071
0.9860499501228333
0.9863333106040955
0.986466646194458
0.9861999750137329
0.9863500595092773
0.9864333271980286
0.98621666431427
0.9863666296005249
0.9861500263214111
0.9863499999046326
0.9861000180244446
0.9861665964126587
0.9862499833106995
0.9864333868026733
0.9861999750137329
0.9866166710853577
0.9864166975021362
0.9865833520889282
0.9865833520889282
0.9863166809082031
0.9862833023071289
0.9864833354949951
0.9865999817848206
0.9865167140960693
0.986716628074646
0.9864500164985657
0.9864500761032104
0.986383318901062
0.9865833520889282
0.9867333769798279
0.9867500066757202
0.9868333339691162
0.9866666793823242
0.9867833256721497
0.9869666695594788
0.9869499802589417
0.9868999719619751
0.9868166446685791
0.9869499802589417
0.9869500398635864
0.9867333173751831
0.9871166944503784
0.9871166348457336
0.9871000051498413
0.9871500134468079
0.9870666861534119
0.9869500398635864
0.9870333075523376
0.9869667291641235
0.9870499968528748
0.9872167110443115
0.9872666597366333
0.9872000217437744
0.987216591835022
0.9870499968528748
0.9869499802589417
0.9873666167259216
0.9871500134468079
0.9872000217437744
0.9872000217437744
0.9873666763305664
0.9871999621391296
0.9873833060264587
0.9873000383377075
0.9872833490371704
0.9873499870300293
0.9874333143234253
0.9874500036239624
0.9874666929244995
0.9871666431427002
0.9874333143234253
0.9872333407402039
0.9876000285148621
0.9873000383377075
0.9875500202178955
0.9875832796096802
0.9875333309173584
0.987416684627533
0.9873833656311035
0.9875333309173584
0.9873999953269958
0.9875833988189697
0.9873833060264587
0.9873499870300293
0.9874666929244995
0.9873833656311035
0.9874333143234253
0.9875333905220032
0.9875500202178955
0.9875333905220032
0.9874833822250366
0.9874500036239624
0.987500011920929
0.9874666929244995
0.9877833127975464
0.9874500036239624
0.9875333905220032
0.9876499772071838
0.9873666763305664
0.987583339214325
0.9875665903091431
0.9874833822250366
0.9874000549316406
0.9878666400909424
0.9875667095184326
0.9875167012214661
0.987583339214325
0.9878166317939758
0.9876000881195068
0.987666666507721
0.9877166748046875
0.9877333045005798
0.9877833127975464
0.9876999855041504
0.9878499507904053
0.9879000186920166
0.9876832962036133
0.9875499606132507
0.9878833293914795
0.9879166483879089
0.9878666400909424
0.987933337688446
0.98785001039505
0.9881333112716675
0.9877166748046875
0.9881666302680969
0.9879332780838013
0.9882999658584595
0.9879832863807678
0.988099992275238
0.9880333542823792
0.9877333641052246
0.9878333806991577
0.9882000088691711
0.988016664981842
0.9882166385650635
0.9884999990463257
0.9883833527565002
0.9881999492645264
0.9882499575614929
0.9883500337600708
0.988433301448822
0.9884333610534668
0.9882667064666748
0.988349974155426
0.9883500337600708
0.9884000420570374
0.9883333444595337
0.9883833527565002
0.9881832599639893
0.9882999658584595
0.9882333278656006
0.9882166385650635
0.98826664686203
0.9883666634559631
0.9882166385650635
0.9882999658584595
0.9884166717529297
0.9885333776473999
0.9883500337600708
0.9885166883468628
0.9884333610534668
0.9886999726295471
0.9885166883468628
0.9884666204452515
0.9884500503540039
0.9883166551589966
0.9887833595275879
0.9885833263397217
0.9886499643325806
0.9884166717529297
0.9884999990463257
0.9885333776473999
0.9884999990463257
0.9884666204452515
0.9884833693504333
0.9885166883468628
0.9884666800498962
0.9885333180427551
0.9883999824523926
0.9884833097457886
0.9885333776473999
0.9888499975204468
0.9887000322341919
0.9886666536331177
0.9888499975204468
0.9887499809265137
0.9887666702270508
0.9886000156402588
0.9889500141143799
0.9887000322341919
0.9889999628067017
0.9887332916259766
0.9889000058174133
0.9888666868209839
0.9885666370391846
0.9889166355133057
0.9888499975204468
0.9887666702270508
0.9887000322341919
0.9886833429336548
0.9886332750320435
0.9889499545097351
0.9888499975204468
0.9888833165168762
0.988966703414917
0.989050030708313
0.9889166951179504
0.9889166355133057
0.9888333678245544
0.9890000224113464
0.9888833165168762
0.9891833066940308
0.9890167117118835
0.9890666604042053
0.9889999628067017
0.9891666769981384
0.9889832735061646
0.9890832901000977
0.989216685295105
0.9891999959945679
0.9890999794006348
0.989216685295105
0.9892500042915344
0.9891167283058167
0.9891500473022461
0.9891999959945679
0.9892833232879639
0.9890666604042053
0.9895666837692261
0.9892666935920715
0.989383339881897
0.9893333315849304
0.9893500208854675
0.9894500374794006
0.9894499778747559
0.9894499778747559
0.989549994468689
0.9895333647727966
0.9892500042915344
0.9896000027656555
0.9895666837692261
0.9894999861717224
0.9895166754722595
0.9894500374794006
0.9892833232879639
0.9895833134651184
0.9895666837692261
0.9896166920661926
0.989716649055481
0.9894833564758301
0.9897667169570923
0.9894166588783264
0.9893333911895752
0.9894499778747559
0.9894999861717224
0.989633321762085
0.9894499778747559
0.989300012588501
0.989466667175293
0.9895666837692261
0.9894000291824341
0.989466667175293
0.9895666837692261
0.9897000193595886
0.9896500110626221
0.9896999597549438
0.9896999597549438
0.9895166158676147
0.9898333549499512
0.9896000027656555
0.9895333051681519
0.9896500110626221
0.9898499846458435
0.9898000359535217
0.9897333383560181
0.989633321762085
0.9896667003631592
0.989383339881897
0.989633321762085
0.9896667003631592
0.9896166920661926
0.9896667003631592
0.9897333383560181
0.9898000359535217
0.9896500110626221
0.9899499416351318
0.9898000359535217
0.9897333383560181
0.989716649055481
0.9897832870483398
0.9898166656494141
0.9898999929428101
0.9899166822433472
0.9899666905403137
0.989883303642273
0.9898500442504883
0.9897500276565552
0.989983320236206
0.9899999499320984
0.9897832870483398
0.9898500442504883
0.9898499250411987
0.9899166822433472
0.9901333451271057
0.9901166558265686
0.9896999597549438
0.9899500012397766
0.9900499582290649
0.9899166822433472
0.9898500442504883
0.9898833632469177
0.9899333715438843
0.989799976348877
0.9900000095367432
0.9899666905403137
0.9902166724205017
0.9899333715438843
0.9899500012397766
0.9900499582290649
0.9900333285331726
0.9899333119392395
0.9899500608444214
0.990233302116394
0.9902167320251465
0.9900833368301392
0.9902333617210388
0.9900833368301392
0.9901833534240723
0.9901166558265686
0.9902000427246094
0.9905333518981934
0.9903166890144348
0.9903333187103271
0.9901332855224609
0.9902166724205017
0.9902999997138977
0.9902499914169312
0.9900999665260315
0.9904333353042603
0.9904833436012268
0.9904333353042603
0.9901167154312134
0.990233302116394
0.9902666807174683
0.9903333187103271
0.9904000163078308
0.9903666973114014
0.9903833866119385
0.9902999997138977
0.9904833436012268
0.9904166460037231
0.9905166625976562
0.9904000163078308
0.9904167056083679
0.9906333684921265
0.9907000064849854
0.9906166791915894
0.9903500080108643
0.9905833005905151
0.9904999732971191
0.9903500080108643
0.9904000163078308
0.9905333518981934
0.9904833436012268
0.990600049495697
0.990566611289978
0.9906666278839111
0.9906166791915894
0.9905999898910522
0.9903333187103271
0.9904833436012268
0.9906333684921265
0.9905499815940857
0.990850031375885
0.9906499981880188
0.9906166791915894
0.9908166527748108
0.9907999634742737
0.9908332824707031
0.9905999898910522
0.9906333088874817
0.9909332990646362
0.9907500147819519
0.9907500147819519
0.9907333254814148
0.9908000230789185
0.990766704082489
0.9908000230789185
0.990850031375885
0.9908499717712402
0.9907000064849854
0.9906833171844482
0.9909166097640991
0.990850031375885
0.9906333684921265
0.9907833337783813
0.9908334016799927
0.9907833337783813
0.9906333088874817
0.9906166791915894
0.9907833337783813
0.9909833073616028
0.9907000064849854
0.9907499551773071
0.9906499981880188
0.9909166097640991
0.990933358669281
0.9907500147819519
0.9906499981880188
0.9909166693687439
0.990933358669281
0.9910166263580322
0.9907000064849854
0.9908000230789185
0.9908166527748108
0.9908666610717773
0.9909499883651733
0.9908333420753479
0.9908000230789185
0.9909666776657104
0.990933358669281
0.9909000396728516
0.9909499883651733
0.9910333156585693
0.9910000562667847
0.9909666776657104
0.9910333156585693
0.9911667108535767
0.9909166693687439
0.9909167289733887
0.9908999800682068
0.9910500049591064
0.9911666512489319
0.9910500049591064
0.9912166595458984
0.9912166595458984
0.9911666512489319
0.9911500215530396
0.9909666776657104
0.9912499785423279
0.991349995136261
0.9911167025566101
0.9911667108535767
0.991433322429657
0.991016685962677
0.991349995136261
0.9911999702453613
0.9912666082382202
0.9911333322525024
0.9911999702453613
0.991183340549469
0.9913166761398315
0.9912832975387573
0.9913666248321533
0.9911999702453613
0.9911500215530396
0.9914000034332275
0.9912500381469727
0.991100013256073
0.9911832809448242
0.9912832975387573
0.9911832809448242
0.9912999868392944
0.9911666512489319
0.9912499785423279
0.9913666844367981
0.9912832975387573
0.9912667274475098
0.9912500381469727
0.9913333058357239
0.9913833141326904
0.9914833307266235
0.9913666248321533
0.9912166595458984
0.9914166927337646
0.9914166927337646
0.9913166761398315
0.991433322429657
0.9911999702453613
0.9914499521255493
0.9913833141326904
0.9916332960128784
0.9913666248321533
0.991516649723053
0.9914499521255493
0.9916166067123413
0.991433322429657
0.9915333390235901
0.9914500117301941
0.9917166829109192
0.9915000200271606
0.9917666912078857
0.9917833805084229
0.9915833473205566
0.9916332960128784
0.9918166995048523
0.991766631603241
0.9917000532150269
0.991716742515564
0.9918000102043152
0.9917666912078857
0.9916333556175232
0.9916499853134155
0.9918500185012817
0.991766631603241
0.9918667078018188
0.9918000102043152
0.9916666746139526
0.9917832612991333
0.9917166233062744
0.9916999340057373
0.9917333126068115
0.9916500449180603
0.9918166399002075
0.9917333722114563
0.9919167160987854
0.991683304309845
0.9918500185012817
0.9918999671936035
0.9917666912078857
0.9918333292007446
0.9919166564941406
0.9919832944869995
0.9917666912078857
0.9918000102043152
0.99180006980896
0.9916166067123413
0.9918000102043152
0.9917666912078857
0.9918500185012817
0.9918333888053894
0.9918833374977112
0.9919166564941406
0.991766631603241
0.9916499853134155
0.9919499754905701
0.9920333623886108
0.9920499920845032
0.9918666481971741
0.9918333292007446
0.9919832944869995
0.991933286190033
0.992016613483429
0.9918833374977112
0.9919500350952148
0.9918500185012817
0.9918333292007446
0.9919666647911072
0.9918833374977112
0.9919666051864624
0.9918667078018188
0.9918000102043152
0.9919833540916443
0.9919166564941406
0.9918166399002075
0.991883397102356
0.9920499920845032
0.9921833276748657
0.9919666647911072
0.9920833110809326
0.9920666813850403
0.9920499920845032
0.9919499754905701
0.9919499754905701
0.9917833209037781
0.9920666813850403
0.9919666647911072
0.9920166730880737
0.9921500086784363
0.9922833442687988
0.9922833442687988
0.992133378982544
0.9919832944869995
0.9919832944869995
0.9922332763671875
0.9922000169754028
0.9920166730880737
0.9922666549682617
0.9920499920845032
0.9923500418663025
0.9923666715621948
0.9922999739646912
0.9921500086784363
0.9921666383743286
0.992183268070221
0.9923333525657654
0.9922167062759399
0.9923000335693359
0.9921000003814697
0.9921666383743286
0.9921333193778992
0.992016613483429
0.9924833178520203
0.9922166466712952
0.9922833442687988
0.9921166300773621
0.9922833442687988
0.9920333623886108
0.9923166632652283
0.9923166632652283
0.9924333095550537
0.9921833276748657
0.9923332929611206
0.9923999905586243
0.9922666549682617
0.9923499822616577
0.9924166202545166
0.9923666715621948
0.9922499656677246
0.9921666383743286
0.9923000335693359
0.9923333525657654
0.9925500154495239
0.9925666451454163
0.9925666451454163
0.9924499988555908
0.9924666285514832
0.9925166964530945
0.9924333691596985
0.9923666715621948
0.9923833608627319
0.9923666715621948
0.9924833178520203
0.9926000237464905
0.992650032043457
0.992400050163269
0.9924499988555908
0.9924666881561279
0.9926000237464905
0.9924666881561279
0.9925833344459534
0.9927499890327454
0.9926832914352417
0.9924166202545166
0.9927166700363159
0.992566704750061
0.9925666451454163
0.9926000237464905
0.9925666451454163
0.9925832748413086
0.9926999807357788
0.9927166700363159
0.992483377456665
0.9927166700363159
0.9926999807357788
0.9925166964530945
0.992650032043457
0.992900013923645
0.9930166602134705
0.992733359336853
0.9926832914352417
0.9929333329200745
0.9928833842277527
0.9928499460220337
0.9927833080291748
0.992816686630249
0.9927666187286377
0.9930000305175781
0.9927499890327454
0.9930166602134705
0.9928666949272156
0.9931333065032959
0.992983341217041
0.9930500388145447
0.9930166602134705
0.9930499792098999
0.9930000305175781
0.992983341217041
0.992983341217041
0.9930333495140076
0.9930332899093628
0.9929333329200745
0.9930333495140076
0.9929166436195374
0.9930000305175781
0.9928833246231079
0.9929999709129333
0.992900013923645
0.9928833246231079
0.9929666519165039
0.9930999279022217
0.9932833313941956
0.9930499792098999
0.9929500222206116
0.9932500123977661
0.9931333661079407
0.9930499792098999
0.9929166436195374
0.9930332899093628
0.9930999875068665
0.9929333329200745
0.9930833578109741
0.9930333495140076
0.9928833246231079
0.993149995803833
0.9930166006088257
0.993066668510437
0.993066668510437
0.9930332899093628
0.992983341217041
0.9931166768074036
0.9932000637054443
0.993066668510437
0.9932000041007996
0.9933500289916992
0.9932166337966919
0.9931166172027588
0.9930999875068665
0.9931666851043701
0.9931333065032959
0.993149995803833
0.9930833578109741
0.9929832816123962
0.993149995803833
0.993066668510437
0.9930166602134705
0.9930332899093628
0.9928833246231079
0.9933833479881287
0.993233323097229
0.9930999875068665
0.9931833744049072
0.993233323097229
0.9929999709129333
0.9931333661079407
0.9929500222206116
0.9932832717895508
0.9930833578109741
0.9931333065032959
0.9934333562850952
0.9933000206947327
0.9932833909988403
0.9930833578109741
0.9933333396911621
0.993316650390625
0.9931666254997253
0.9932166337966919
0.993399977684021
0.993233323097229
0.9933667182922363
0.9934666752815247
0.9934833645820618
0.9933000206947327
0.9933833479881287
0.9931666254997253
0.9933500289916992
0.9934332966804504
0.9933666586875916
0.9932667016983032
0.9935333728790283
0.9934666752815247
0.9934499859809875
0.9935666918754578
0.9934666156768799
0.9934999942779541
0.9935333728790283
0.9933666586875916
0.9936000108718872
0.9933833479881287
0.9933499693870544
0.992983341217041
0.9935166835784912
0.9933666586875916
0.9935500025749207
0.9933333396911621
0.9934667348861694
0.9936000108718872
0.993566632270813
0.9934499859809875
0.9934333562850952
0.9934666156768799
0.9936000108718872
0.9933333396911621
0.9935833215713501
0.9935500025749207
0.9935333728790283
0.9934499859809875
0.9937666654586792
0.9935166835784912
0.9934333562850952
0.9937499761581421
0.9935333728790283
0.9936666488647461
0.9935166835784912
0.9936666488647461
0.9935666918754578
0.9936833381652832
0.993483304977417
0.9937333464622498
0.9937999844551086
0.9936000108718872
0.993683397769928
0.9937833547592163
0.9936333298683167
0.9936666488647461
0.993733286857605
0.9936166405677795
0.993649959564209
0.9937166571617126
0.9935500025749207
0.993733286857605
0.9936333298683167
0.9936833381652832
0.9934999942779541
0.9937666654586792
0.9937167167663574
0.9935166835784912
0.9936667084693909
0.993733286857605
0.9934499263763428
0.9936333298683167
0.9936500191688538
0.9936333298683167
0.9935833215713501
0.993649959564209
0.9935166835784912
0.9936833381652832
0.993649959564209
0.9938833713531494
0.9936166405677795
0.9936167001724243
0.9937166571617126
0.9937999844551086
0.9936333298683167
0.9934833645820618
0.9938000440597534
0.993733286857605
0.9937833547592163
0.9936000108718872
0.9936166405677795
0.9938000440597534
0.9938333034515381
0.9936833381652832
0.9939500093460083
0.9938499927520752
0.9934500455856323
0.9936666488647461
0.9939500093460083
0.9936166405677795
0.9937333464622498
0.9937333464622498
0.9937833547592163
0.993733286857605
0.9939666390419006
0.9939666390419006
0.9939666986465454
0.9939166903495789
0.9938666820526123
0.9938666820526123
0.9940667152404785
0.9941166043281555
0.9938166737556458
0.9938333630561829
0.9939166307449341
0.9939500093460083
0.9940333366394043
0.9943667054176331
0.9939166903495789
0.9939000010490417
0.9938499927520752
0.9939833283424377
0.9940999746322632
0.9941500425338745
0.9940000176429749
0.9940000176429749
0.9941833019256592
0.9942499995231628
0.994100034236908
0.9941999912261963
0.9941333532333374
0.9942833781242371
0.9939500093460083
0.9941999912261963
0.9941999912261963
0.9943000078201294
0.9941666722297668
0.9944167137145996
0.9940999746322632
0.994100034236908
0.9943000078201294
0.9942166805267334
0.9941999912261963
0.9941833019256592
0.9941166639328003
0.9941500425338745
0.9940999746322632
0.9941333532333374
0.9941332936286926
0.9942499995231628
0.9943166971206665
0.9942333102226257
0.994183361530304
0.9942333102226257
0.9942333102226257
0.9942833781242371
0.994350016117096
0.9944499731063843
0.9941666722297668
0.9943166971206665
0.9943166375160217
0.9941500425338745
0.9943833351135254
0.9943500757217407
0.9942666888237
0.9941999912261963
0.9945833683013916
0.9941666722297668
0.9944999814033508
0.9942666888237
0.9942499995231628
0.9942833185195923
0.9942833185195923
0.994533360004425
0.9944000244140625
0.9943000078201294
0.9943333268165588
0.9943333864212036
0.9943999648094177
0.9943833351135254
0.9943667054176331
0.9944332838058472
0.9944666624069214
0.9945166707038879
0.9945499897003174
0.994450032711029
0.9944833517074585
0.9944333434104919
0.9944833517074585
0.9943666458129883
0.9944166541099548
0.9942833185195923
0.9944333434104919
0.9944833517074585
0.9944000244140625
0.9944000244140625
0.9942666292190552
0.9944833517074585
0.9946666955947876
0.9943333268165588
0.9944333434104919
0.9944833517074585
0.9944499731063843
0.9944666624069214
0.994450032711029
0.9944832921028137
0.9945999979972839
0.9947333335876465
0.9946833252906799
0.9946833252906799
0.9944833517074585
0.9945499897003174
0.9945999979972839
0.9945166707038879
0.9944666624069214
0.9946500062942505
0.9944833517074585
0.9945999979972839
0.9944832921028137
0.9946666359901428
0.994533360004425
0.9945833683013916
0.9945500493049622
0.994700014591217
0.9946666955947876
0.9944666624069214
0.9947666525840759
0.9945333003997803
0.9945999979972839
0.9946833252906799
0.9946666955947876
0.9947499632835388
0.9945666790008545
0.9945833683013916
0.9946500062942505
0.9948333501815796
0.9946500062942505
0.9947666525840759
0.9946999549865723
0.9946500062942505
0.9945499897003174
0.9948499202728271
0.9946333169937134
0.9945500493049622
0.994700014591217
0.9945833683013916
0.9947667121887207
0.994866669178009
0.9947999715805054
0.9946832656860352
0.9948500394821167
0.994700014591217
0.9946333169937134
0.9947333335876465
0.9947333335876465
