2.17484011892545
1.834305973376258
1.6179302668167372
1.4240279116873014
1.2276492361295022
1.109192799713652
1.0274137076684984
0.9707825870837196
0.9192039360434322
0.876540879071769
0.8089747024794757
0.7657764240846796
0.7349755238678496
0.7053309941695909
0.6785211724750067
0.6556733988099179
0.6239841267213984
0.6001184754452463
0.5822752613132283
0.5694664130776615
0.5566607329805019
0.5432845293465307
0.5238871170302569
0.5116191799357787
0.500895031427933
0.48896058939271053
0.4698371887207031
0.4554890778105138
0.44305122504800054
0.43516133195262846
0.42225743956485035
0.413863004264185
0.4079897605766684
0.4005209712658898
0.39403398158186576
0.3868187403274795
0.3751016390525689
0.36653460486460543
0.3606032678636454
0.35476703967078255
0.34684999110335013
0.33993740405066536
0.3323773852849411
0.3281743001129668
0.3242373708951271
0.3196800037965936
0.3127725245588917
0.3082888974981793
0.3048734503277278
0.30136379953158104
0.29737993014060843
0.29438355009434586
0.2906337026822365
0.2876757282321736
0.2856200589972027
0.28276359428793696
0.2802980067366261
0.27839680041297005
0.2754793975312831
0.27307701110839844
0.2705580824512546
0.26832947488558495
0.2659190549688824
0.26400289697162177
0.2620642872179969
0.2603884551484706
0.25726761252193125
0.25476546206716766
0.25263800863492286
0.2506105293661861
0.24775028228759766
0.24553512314618645
0.24308020381604212
0.24046315985210873
0.23871497784630727
0.23604746996346165
0.2335998082565049
0.2317815554344048
0.2299179788363182
0.2284649347854873
0.2268418134269068
0.22465078709489208
0.22261524200439453
0.22134182816844875
0.21984729120286844
0.21758339768749171
0.21588955895375397
0.21420296167923233
0.21232398081634005
0.21029619443214545
0.2087481223930747
0.20726249177577133
0.20474527649960275
0.20294370489605404
0.20118160571082164
0.20003383442506953
0.19887688200352555
0.19728372864804025
0.19623093685861362
0.19495566416594942
0.19408347242969579
0.19308201741364042
0.1918879686775854
0.19073925988148835
0.1897488286939718
0.18871611255710408
0.18719508284229344
0.1860730122711699
0.18502031746557204
0.18363677849203852
0.18262649794756355
0.1814727298283981
0.18033457610566736
0.17940437187582758
0.1785067865404032
0.17773689657954847
0.1769197431661315
0.17578238147800251
0.17459363452458787
0.1739755727476993
0.17339729050458488
0.17217796131715937
0.17127518734689487
0.1703887874797239
0.16934317249362751
0.16855084694038003
0.16780011128571073
0.16724974422131555
0.166444471326925
0.1656315205460888
0.16448056495795815
0.16377364982992915
0.16304834010237354
0.1621436749474477
0.16133311643438825
0.16058706833144365
0.159756110886396
0.15911857152389267
0.15820280172057072
0.1575791957014698
0.15699507826465672
0.1562553826024977
0.15502452850341797
0.15427288766634667
0.15349879507291114
0.15283228987354344
0.1520411281262414
0.15101586358021882
0.14997508162159032
0.1492403482986709
0.1484659162618346
0.14796108310505496
0.14751233892925716
0.14698211217330673
0.14644435300665387
0.14599761316331766
0.14530818745241328
0.14431733600163865
0.1435565463567184
0.14314549656237585
0.14262133129572463
0.1421244184849626
0.14155717623435846
0.14105696597341763
0.14047545093601033
0.1398304599826619
0.1388245922023967
0.1382127858824649
0.13784392405364473
0.13722739785404528
0.1371073318740069
0.136508084959903
0.13582040495791678
0.13521764238001938
0.13468212192341433
0.13405576802916447
0.13349090996435134
0.13289790234323276
0.13215718026888573
0.13176871154267908
0.13104880058159263
0.13050564264847062
0.12998367568193855
0.12939231678590937
0.12880705170712228
0.12821844068624205
0.12780169309195827
0.12742099115404032
0.12679343304391635
0.12651352963205112
0.12583032705016056
0.12557078216035486
0.1249306969723459
0.1243358789864233
0.12384870496846861
0.12330853737006753
0.12303748373257911
0.12262046943276615
0.1220594907211045
0.12183300923492948
0.12148690627793134
0.12100307012008409
0.12059420246188923
0.1202390072709423
0.1198673571570445
0.11927443035578324
0.11870080333645061
0.1182858095330707
0.11802980455301576
0.11782218642153983
0.11711265273013358
0.11641974368337858
0.1161819231712212
0.11558899636995995
0.11507979085889913
0.1148311324038748
0.11454559584795418
0.11413821527513407
0.11377555232937053
0.11320906170343949
0.11284477427854377
0.11251873081013308
0.11215117826300153
0.11192069619388903
0.11144238811428264
0.11113113467976199
0.11068119437007581
0.11033628754696603
0.10988607244976496
0.10941283177521269
0.1092099092774472
0.10878305920099808
0.10822185419373594
0.10791974148507845
0.10757390523360948
0.10715765872244108
0.10664544671268786
0.10626948081840903
0.10605123487569518
0.10552999528787904
0.10541430974410752
0.10501703973543847
0.10482663623357223
0.1045177427388854
0.10425216868772345
0.10392984293274961
0.10368965439877267
0.1033890449394614
0.103007753016585
0.10244089061931028
0.10203671051284015
0.10182907621739275
0.10157657881914559
0.10118177381612486
0.10069990966279628
0.1004590826519465
0.10002686613697116
0.09990739014189122
0.09958335908792787
0.0992869603431831
0.0990040827605684
0.09876821808895822
0.09832947941149696
0.09806391344232074
0.09776524365958521
0.09739784467018257
0.09710482419547388
0.0968446004188667
0.09647067926697812
0.09611554873191704
0.09579102467682402
0.09556695162239721
0.09544732206958835
0.09515494007175251
0.09481866480940479
0.09469803309036513
0.09451252727185265
0.0941954871355477
0.09387193291874255
0.09385110564151053
0.09342015799829516
0.09342149960792671
0.09308317960318872
0.09286802906101033
0.09264794850753526
0.09237234471207958
0.09219903461003708
0.09202568409806591
0.09169216479285289
0.09134788836463023
0.09095517659591416
0.09067575002120713
0.0904200764025672
0.09013148485603979
0.08998642129413152
0.0896771802740582
0.0895150233123262
0.08919646376270358
0.08899868140786381
0.08876970258809752
0.08857028767213983
0.08840625568971795
0.08818626403808594
0.08795729330030538
0.08771524590961004
0.08732127335111974
0.08703985860792257
0.08686165082252632
0.08669854826846365
0.08658857668860484
0.08639156212240963
0.08616738400216829
0.08595657348632812
0.0857051105822547
0.08550402269525043
0.08529433557542704
0.08497704489756439
0.0846812927116782
0.08450464474952828
0.08428616442922819
0.08406324709876109
0.08403592190500032
0.08394089391676046
0.08379900657524497
0.08353701284376241
0.08334483130503509
0.08299446914155605
0.08289119752786928
0.08267450332641602
0.08251011573662193
0.0823051808244091
0.08208139063948292
0.08188848980402542
0.0817893642490193
0.08158741967152741
0.0815264330071918
0.08127182621066853
0.08106849153163069
0.08080817885318045
0.08068342532141734
0.08068634291826668
0.08048423670106016
0.08020678213087179
0.08018073389085673
0.08002458992650953
0.07980107452909825
0.07963090023751986
0.0794822806018894
0.07930189068034543
0.07913530479043217
0.07894232313511736
0.07884959043082544
0.07868611610541909
0.07851327475854906
0.0784003855818409
0.07821521112474344
0.07794220164670783
0.07784774747945494
0.07756995346586583
0.07739684541346663
0.07729640249478614
0.0770278704368462
0.07694047184313758
0.07664737054857157
0.07658549486580542
0.07635967610246044
0.07621812012235997
0.07607182001663466
0.07593313314146914
0.0756473379620051
0.07552054776983746
0.0753271054413359
0.07521125825784974
0.07504604630551096
0.0748881323862884
0.0746888387001167
0.07455837120444088
0.07440902419009451
0.07434193562653105
0.07413763110920535
0.07408323934522726
0.0737289170087394
0.07359631586883028
0.07357721813654496
0.07345591561268952
0.07318228382175251
0.0730355311248262
0.07277580034934868
0.07263259564415883
0.07261491225937665
0.07248236769336765
0.07225877147609905
0.07222443111872269
0.07209514359296379
0.07180449922206038
0.07166552947739423
0.071534682128389
0.0713108111236055
0.07123327255249023
0.07113872140140856
0.07102457143492617
0.07088388022729906
0.07066859229136321
0.07058372335918879
0.0705006890377756
0.07028930470094842
0.07016927913083869
0.06998369249246889
0.06989028898336119
0.06981831890041545
0.06968134540622517
0.0696203425779181
0.06956253213397527
0.06940001148288533
0.0693501698768745
0.06909037444551112
0.06898897785251423
0.06883917016498113
0.068662045365673
0.06860316001762778
0.06853207087112685
0.06829833176176427
0.0682818525928562
0.06804163173093634
0.06794097059864108
0.06791245735297768
0.06774676048149497
0.06764226848796262
0.06746304237236411
0.06734599905498957
0.06718734967506539
0.06709900548902609
0.06693208823769779
0.06677074755652476
0.06661815158391403
0.06655999361458471
0.06636261535903155
0.0662686461109226
0.0661132901401843
0.06608398890091201
0.0660064664937682
0.06585909552493338
0.06578247830019159
0.06559834237826073
0.06545838663133524
0.0653873580997273
0.06520805520526433
0.06521645238844015
0.06507334466707909
0.06492951360799498
0.0647900953131207
0.06465382899268199
0.06454882379305565
0.06442392478554936
0.06421829886355643
0.06420141559536174
0.06403461553282656
0.06392802626399671
0.06383037567138672
0.06367453882249735
0.06357679528705144
0.0635182453414141
0.06337005809202033
0.06327333692776954
0.06316442408804167
0.06305365643258821
0.06289951680070263
0.06284740819769391
0.06282234595993817
0.06268887600656282
0.06259259935152733
0.06251764701584638
0.062403763754893156
0.06225920935808602
0.062232308468576206
0.06204238584486105
0.061917822239762645
0.06187101137840142
0.061671289346985896
0.061626551514964996
0.06157197790630793
0.061501450457815396
0.061441393221839
0.061198331541934256
0.06112580380197299
0.061159489518505035
0.06094703835956121
0.06092691421508789
0.06067840527679961
0.060639999680599924
0.06048617120516502
0.060345686088174075
0.06034488597158658
0.06027605574009782
0.06016321505530406
0.06005229788311457
0.059936115297220524
0.059842077352232854
0.0597236762612553
0.059628951347480384
0.059526948605553576
0.05939965733027054
0.05938810413166628
0.05927565138218766
0.05915713714340986
0.059129254292633576
0.05900855387671519
0.05900890140210168
0.05884311966976877
0.05873105485560531
0.058604591983859824
0.058541394896426444
0.05844860157724154
0.05830450381262828
0.0582347805217161
0.05827109288361113
0.05808658519033658
0.058020656391725704
0.057964017835714046
0.05788119768692275
0.057754217568090405
0.057652481531692765
0.05756530115159891
0.05747542138827049
0.05732335882671809
0.05723627138946016
0.057235095460536116
0.05704529406660694
0.05700719962685795
0.05688948146367477
0.05686428587315446
0.05673545093859656
0.056611408621577895
0.05655740883390782
0.05643775907613463
0.05634174508563543
0.05623678029593775
0.05610256275888217
0.05597519470473467
0.05595432701757399
0.055868633722854874
0.05574853137388068
0.05569967577012919
0.05556081513227042
0.05553441532587601
0.055424189163466635
0.05535052590450998
0.05525580099073507
0.055164951389118776
0.055136721012956004
0.054946236691232456
0.054849580182867536
0.05490002389681541
0.054770029197304934
0.054680812156806556
0.054575176562293104
0.05458670955593303
0.05446259450104277
0.054357932785810054
0.05433097128140724
0.05419966730020814
0.05417246737722623
0.05411298396223682
0.05402863227714926
0.053900488352371476
0.0538490303492142
0.05380628876766916
0.05372868149967517
0.05367550607454979
0.05356030949091507
0.05348880412214893
0.05338940377962791
0.05326288029298944
0.05314645928851629
0.05307879690396584
0.05302333023588536
0.05294861227779065
0.05279706696332511
0.05276665445101463
0.052669925204778124
0.052495948338912704
0.05256244691751771
0.052383269293833586
0.05234182891199144
0.052281626200271866
0.052153332758758025
0.052104069014727056
0.05197345604330807
0.05191066709615416
0.051841566118143376
0.05180614277467889
0.05164246639962924
0.05160060979552188
0.05148358264211881
0.05140542984008789
0.051287295454639496
0.051301192429106114
0.05120713023816125
0.05112466973773504
0.051128023761813926
0.05107662637354964
0.05099347082235045
0.050916405047400526
0.050814446756395244
0.050744097111588816
0.05069177433595819
0.05050885071188717
0.05051172789880785
0.05042408280453439
0.050344164088620975
0.05029871504185563
0.05023563918420824
0.05008005691786944
0.05006019543793242
0.04997523356292207
0.04993511862674002
0.04983879752078299
0.049788996324700824
0.04971054448919781
0.049639103776317535
0.04955722113787118
0.04958196413719048
0.04941583892046395
0.04930311946545617
0.04917813963809256
0.0491258087804762
0.04911634073419086
0.04904530412059719
0.04896173638812566
0.04897449784359689
0.04887940519947117
0.04872382293313236
0.04874217712273032
0.04867449857420841
0.048684948581760215
0.0485334477182162
0.04858469558974444
0.048455747507386286
0.048419911982649465
0.048348071211475434
0.0483050669653941
0.04822899527468924
0.04816448890556723
0.048036652096247266
0.048083083104279084
0.04795268430548199
0.0478938434083583
0.04783264257140079
0.047718371375132414
0.04761922561516196
0.04754900528212725
0.047530036861613646
0.047362658937098616
0.0473605010469081
0.047290575706352624
0.04721258050304348
0.047228271678342655
0.047105344675355036
0.04707588987835383
0.04702241137876349
0.046979948625726214
0.046883583068847656
0.04681100279597913
0.04681099875498626
0.04673642627263473
0.04668390548835367
0.04661444082098492
0.04657812441809703
0.04648884272171279
0.04645230810521012
0.04634508440050028
0.046307478920888094
0.04617811461626473
0.04615668523109565
0.046081175238399184
0.046087402408405885
0.04592648199049093
0.0459254717422744
0.04591827877497269
0.045826241121453754
0.04584710880861444
0.04576050629050045
0.04574332802982654
0.045624466265662245
0.045562873452396714
0.04541523173703986
0.04543763904248254
0.04532251519671941
0.04518656811471713
0.04519668271986105
0.04510522292832197
0.04511055299791239
0.04508457345477605
0.045004173860711566
0.04493491124298613
0.044833708617646816
0.04477197436963098
0.04477100049035024
0.044666435758946306
0.044599896770412636
0.04448705204462601
0.04446048655752408
0.0444091012922384
0.04431487746157889
0.044285353967698955
0.04428864737688485
0.044166023448362186
0.04410744117478193
0.04410134331654694
0.044017856403932736
0.0438890376333463
0.04391107720843816
0.04387767436140674
0.04372538550425384
0.043828046928017825
0.0437084375801733
0.04362894316851083
0.04353868355185299
0.04349940510119422
0.04346971188561391
0.043384018590894795
0.04331581875429315
0.04325916403431004
0.0431803687144134
0.043172997943425585
0.04304810297691216
0.04305036593291719
0.04295092113947464
0.04290828866473699
0.042867717096361065
0.042862920437828966
0.04276329379970745
0.042691477274490616
0.04269057613308147
0.04253288850945942
0.04249637409792108
0.04249250282675533
0.04243571071301477
0.04235265214564437
0.042328717344898285
0.04226453829619844
0.04218059475139036
0.04215389995251672
0.04209694619906151
0.042038626590017544
0.042012683415817
0.04202739667084258
0.04191348512293929
0.04190006094463801
0.04185586460566117
0.04184086848113496
0.04171213457139872
0.041642629494101316
0.041609271097991424
0.04156697806665453
0.041585417117102674
0.04148214146242303
0.04142521195492502
0.041354947170968784
0.04130857273683709
0.04127601041632183
0.041251263376009664
0.041178654816191075
0.04109162395283327
0.04107830888133938
0.04104750035172802
0.04089685213767876
0.04083732831276069
0.04085773128574177
0.04078637139271882
0.04070530099383855
0.040658174935033764
0.04057791677571959
0.040564617868197164
0.04048325247683768
0.04043687400171312
0.040368722657025874
0.040357622049622614
0.04028156248189635
0.04030485880576958
0.040234278824369786
0.040199724294371526
0.04014711864924027
0.04005937253014516
0.0400197950460143
0.039976790799932965
0.03990602493286133
0.03989745398699227
0.039748203956474694
0.03973252894514698
0.0397051108085503
0.0396448757688878
0.03960982823775987
0.03954680087202686
0.039469120866161285
0.03946375442763506
0.03944353329933296
0.039353693945933195
0.03930118124363786
0.039253093428530936
0.03919715396428512
0.03919415958857132
0.03913715330220885
0.03904061398263705
0.039014379856950145
0.03900552604158046
0.03895519143443996
0.03886944964780646
0.038799245478743215
0.03881536904027907
0.03871597273875091
0.03869507676464016
0.038694882796982584
0.03861375178320933
0.03855138714030638
0.038480455592527225
0.03845424571279752
0.038390276795726715
0.03836212723942126
0.038301932609687415
0.038284734144049176
0.038197646706791245
0.038162639585591976
0.03809188584149894
0.03807944362446413
0.03796282057034767
0.03800501661785578
0.037905511209520244
0.03783546059818591
0.037814520173153635
0.03777967873266188
0.03770678326234979
0.03772309270955748
0.03764281434527898
0.03757269503706592
0.03757877673132945
0.03752348382594222
0.0374263262344619
0.03742419259022858
0.03743476382756637
0.03739853228552867
0.037316508212332
0.03726951146529893
0.03721756046101198
0.03723315869347524
0.03718152692762472
0.03716850280761719
0.03705039670911886
0.03699321261907028
0.036991014318951104
0.03691108348005909
0.03689472149994414
0.036836151349342476
0.03676239918854277
0.03673324746600652
0.036733788959050585
0.03664946151992022
0.036599482520151945
0.03653118165872865
0.03654351880994894
0.0364647598589881
0.03650961892079499
0.03639608318522825
0.03636040930020607
0.036323300862716415
0.03627841755495233
0.036196005546440514
0.03617069276712709
0.03607366044642562
0.03609338049161232
0.035980378167103914
0.03589975631843179
0.035891120716676876
0.035893141213109936
0.03581351748967575
0.03575282581781937
0.03568994392782955
0.03568875991691977
0.03561666456319518
0.03557212473982471
0.035600136902372716
0.03548961574748411
0.03542551347764872
0.03544184717081361
0.035421197697267696
0.03533692279104459
0.03531534793013233
0.03523289955268472
0.03525485426692639
0.03518968113398148
0.035107818700499456
0.035088421934742035
0.03500924676151599
0.03498470177084713
0.03498883974754204
0.03497118464970993
0.03491600893311581
0.03487664966259973
0.034836518562446205
0.034860299805463374
0.03477443274805101
0.034726110555357854
0.03473515025639938
0.034654253620212364
0.034590749417321154
0.03461266372163417
0.03450216681270276
0.03444919747821355
0.03437559887514276
0.03433424739514367
0.034335205110452946
0.03424793582851604
0.03424726502370026
0.034205574100300416
0.034167669587216135
0.03412649186991029
0.034100968958967824
0.034065844648975434
0.034014718007233186
0.033930156190516585
0.03386653883982513
0.03383281271336442
0.033789337691614185
0.03380247900041483
0.0337136923256567
0.03371052822824252
0.033651893421755
0.03359843714762542
0.03352445465023235
0.033501063363026766
0.03346735744153039
0.03339743614196777
0.03341670763694634
0.033318010427184026
0.03327747926873676
0.03325545585761636
0.03320284213049937
0.033184332362676074
0.03312513383768373
0.03312899298587088
0.03306477756823523
0.033053895174446755
0.0330275297164917
0.03297105077969826
0.0329790095151481
0.03294745744284937
0.03286231776415292
0.03282797538628012
0.03276824547072588
0.03271813311819303
0.032728906405174125
0.03269726139003948
0.03262931209499553
0.03260061498415672
0.03258606538934223
0.03254193572674768
0.03251125650890803
0.03246287168082544
0.03244912018210201
0.0323933645830316
0.03233973252571235
0.032344013957654016
0.03229632215984797
0.03224298307451151
0.032257352845143465
0.032144786947864594
0.03213665040872865
0.032076732587006135
0.03205759646528858
0.032025361465195475
0.031994896419977735
0.03197200419539112
0.03190655223393844
0.031825217150025446
0.03189403525853561
0.03183341430405439
0.031748923204712946
0.031742176767122945
0.03166368856268414
0.03170056262258756
0.03160811682878915
0.031584925570730435
0.03150343086759923
0.0314926737445896
0.031440302477044574
0.03142401727579408
0.03136915473614709
0.0313710681462692
0.031300845792738057
0.031358021800800905
0.03128339274454925
0.03120751906249483
0.031176657999976206
0.031118819269083314
0.031077526383480783
0.03106927467604815
0.03102080296661894
0.030982162992833025
0.030935643082958156
0.030946852797168797
0.030888472573231844
0.03083170874644134
0.03081669443744724
0.030794800338098557
0.030763773594872427
0.030753618579799847
0.030643137834839903
0.030705957089440298
0.030665046077663616
0.03057157791267007
0.03058439796253786
0.030512831978878732
0.030548231076386014
0.03046236603947009
0.03042386750043449
0.030416347212710623
0.03036067647449041
0.03032075752646236
0.030313491821289062
0.03026371689166053
0.03025877879837812
0.030203679860648463
0.030162738541425285
0.030184327545812576
0.030103990587137513
0.03007370334560588
0.030079880003201758
0.030032974178508177
0.02998076253018137
0.02998112015805002
0.02990410085451805
0.02993994648173704
0.02987658371359615
0.029841261394953324
0.029858861939381746
0.029809002148903023
0.02980016247700837
0.029770891545182566
0.02973607030965514
0.029661548339714437
0.029693680294489457
0.029626009827953274
0.029609096252312093
0.029577536098027633
0.02953745551028494
0.029492408542309778
0.02947260969776218
0.02943382222773665
0.029386387032977607
0.029380206334388863
0.0293751611547955
0.029348765389393953
0.02930043511471506
0.02930641578415693
0.029233225321365616
0.02922752954192081
0.029198537438602772
0.029143569833141262
0.02910233352143886
0.02906580294592906
0.029046406180171642
0.029020309448242188
0.028973082364615748
0.02894559957213321
0.028885611033035538
0.028856833102339406
0.028887542627625547
0.02881996914491815
0.028794912968651724
0.028727559720055532
0.02868839643769345
0.028663404917312882
0.028620847200943253
0.028611239740404033
0.028589466870841334
0.028520394179780605
0.02848002870204085
0.028450351650432006
0.02844584392288984
0.028418395478846663
0.02838679289413711
0.028357546208268504
0.0282815391734495
0.028273800672110865
0.028260142116223352
0.02819712687346895
0.028193203069395937
0.028160184116686804
0.028135214821767
0.02810751381566969
0.028050954059018928
0.02804676354941675
0.028010412798089496
0.028006270780401715
0.02794997368828725
0.02795198408223815
0.02792116342964819
0.027847134460837156
0.027813373985937088
0.027830800767672265
0.02781570967981371
0.027745939917483572
0.027757024360915362
0.02769372018717103
0.027667643660205906
0.027648507538488357
0.0276104029962572
0.027562796059301346
0.027532630047555698
0.027516785314527607
0.027508396213337526
0.027443780737408136
0.027404886181071654
0.02739430080025883
0.027382387953289483
0.027347605107194285
0.027279843718318614
0.02726532645144705
0.027233980469784494
0.027264740507481462
0.027190471099594892
0.02716399249383959
0.027154542632022147
0.027104575755232473
0.02713108264793784
0.02707493507255942
0.027024968195769748
0.02704711283667613
0.027021789954880537
0.02692546480793064
0.026913228681532002
0.026908365346617617
0.02683885824882378
0.026862310150922355
0.026809502456147792
0.026789742001032426
0.02678972381656453
0.02675568653365313
0.026708649376691398
0.026695348448672537
0.026652552313723807
0.026604870618399928
0.02656284025159933
0.026547039969492765
0.026518247895321603
0.02649092068106441
0.026459437305644408
0.026461237567966266
0.026439527333792994
0.026379726700863596
0.02634824938693289
0.026329392093723102
0.026299022011837717
0.026291055194402144
0.02626691632351633
0.026245270745228914
0.026194808846813137
0.02619936708676613
0.026146672539791818
0.026115722575430142
0.026092292898792332
0.026051088915032855
0.026014641179876813
0.025998562069262487
0.025977684279619637
0.025940828404184116
0.025895922870959265
0.025869290707475047
0.02587291951906883
0.025831830703606038
0.025803456872196522
0.025777744034589347
0.025792376469757596
0.025759412070452157
0.02573260412377826
0.02571944261001328
0.02566872410855051
0.0256792771614204
0.02566635810722739
0.025602985236604335
0.025578884755150747
0.025562292438442425
0.02554157022702492
0.025498862993919243
0.025467076544034278
0.025424153117810266
0.025455806214930647
0.025384442280914823
0.025321000713413044
0.025313732987743313
0.02529959355370473
0.025259504883976307
0.02524738190537792
0.02522371987165031
0.025191022177874032
0.025198554588576495
0.025129459672055002
0.02510579763832739
0.02508515422627077
0.025075059826091185
0.025039167727454233
0.025021751048201223
0.024995931124283097
0.024968373573432536
0.024913379701517396
0.024915509304757846
0.024922124410079696
0.024904705710330252
0.024851063550528834
0.024806422702336715
0.02474805460137836
0.024761161561739648
0.024716213598089704
0.024686488054566465
0.024666468975907664
0.02461273589376676
0.024601065506369382
0.024596967939603125
0.024564074257672843
0.024540719339403057
0.02448208655341197
0.02452849735647945
0.02448669732627222
0.02445193266464492
0.024415925397711286
0.024364631054765086
0.024361650822526316
0.024329807798741228
0.02434144787869211
0.024296540324970826
0.024264709424164334
0.024256787057650293
0.024245506626064495
0.024209725654731364
0.02419518212140617
0.024156204724715927
0.024141370239904373
0.024118459830849856
0.02409346224897999
0.024065072253599006
0.024018509913299044
0.024017026868917175
0.0239755541591321
0.02400347337884418
0.02395333273936126
0.02394287869081659
0.023901361530109987
0.023857286420919128
0.023868083953857422
0.02381957789598885
0.023778228436486196
0.023751624559952042
0.02375283685781188
0.023734888787996972
0.023704298472000382
0.023681549702660513
0.02365758459446794
0.02361918101876469
0.023596157461909923
0.023624472698922885
0.023576637445870092
0.0235430830616062
0.02350416021831965
0.023453104293952556
0.023466015266159834
0.02344595375707594
0.023413138874506547
0.02341529878519349
0.023403317241345423
0.023400286496695826
0.02335077221110716
0.023335076994815115
0.023306325330572614
0.023271027257886982
0.023287191229351495
0.023219500557850985
0.023217168904967226
0.023186128018266063
0.02316660194073693
0.023139919264841886
0.023111727278111345
0.023114069033477267
0.023081751193030405
0.0230542886055122
0.023027880717132052
0.023002345683210988
0.02297608327057402
0.02296031733690682
0.022943937172323972
0.022935887514534643
0.022919163865558173
0.022892347836898544
0.02288381932145458
0.022839744212263723
0.02280030412189031
0.022821507211458886
0.02277099884162515
0.0227446091377129
0.02271662930310783
0.022683355767848128
0.022679227893635377
0.022648740622956874
0.022627606230267022
0.022593344672251554
0.022564479860208802
0.022521134150230278
0.022510714450124966
0.02248662609164998
0.022492788605770822
0.022457421836206467
0.0224451776278221
0.02239928205134505
0.022392664925526766
0.02237838405673787
0.02234163728810973
0.022364891181557864
0.022312267351958712
0.02230787479271323
0.022289633750915527
0.02224973500785181
0.02223931732824293
0.02221171330597441
0.022174237138133938
0.022181026006149032
0.02213913909459518
0.02212405002723306
0.02211938874196198
0.022103481373544467
0.022031470880670062
0.022044418221813137
0.022014658329850535
0.022009710134085963
0.02197687100555937
0.021997690200805664
0.021914019423016046
0.021910497697733216
0.021918917106369794
0.021888522778527212
0.02181830042499607
0.021826445046117752
0.021786752393690205
0.021773340338367527
0.021769786285141767
0.021762971150673042
0.021739874855946688
0.021696539248450327
0.02169172036445747
0.021668185622005138
0.021657850782750017
0.021651942851179738
0.021613858513912912
0.021611941062797933
0.02160596443434893
0.02155004517506745
0.021541326732958777
0.02150000960139905
0.021473920951455325
0.02149508969258454
0.021448434409448654
0.02142409955040883
0.021443548849073506
0.02141752889600851
0.021364393880811787
0.021334658234806386
0.021327992617073705
0.02134877342288777
0.021323731390096374
0.0212890233023692
0.02126887289144225
0.02125582250498109
0.021200794284626588
0.021176756438562424
0.021185286974502823
0.02117096973677813
0.021130862882581807
0.021111070099523514
0.021105335930646476
0.021038499929137148
0.021040350703869837
0.021031698938143457
0.021020921610169493
0.02100813994973393
0.020961615998866194
0.02096754817639367
0.020909547805786133
0.020895252793522206
0.020879024166171833
0.020890791537398
0.0208562713558391
0.020836375527462717
0.020812689247777908
0.020761017071998726
0.02075835405769995
0.020763619471404513
0.020720871828370176
0.02072219525353383
0.02069511858083434
0.020715372037079374
0.020652516413543185
0.02062808255017814
0.02062142299393476
0.020605436826156356
0.02055872698961678
0.020542092242483365
0.02055039648282326
0.0205138133744062
0.02050176515417584
0.02045701115818347
0.02044795933416334
0.02045839519824012
0.020414008932598565
0.020386509976144565
0.020366874791808046
0.02034034769413835
0.020336854255805583
0.020310209969342765
0.020298588073859782
0.020272368091647907
0.02025338350716284
0.02024325677904032
0.020225815853830112
0.02021316754615913
0.020180126367989232
0.020184096643480205
0.020157704919071522
0.02017655615079201
0.02014700841095488
0.020112615520671263
0.02010368694693355
0.02006549956434864
0.020049519458059537
0.02001573271670584
0.020018088615546794
0.020030098446344926
0.019975906711513714
0.01996375342546883
0.019939737804865434
0.01991943383620957
0.019864248017133292
0.019849550926079183
0.019842652951256704
0.01984581704867088
0.019822910680609235
0.01980485956547624
0.019798052512993245
0.01976490020751953
0.019748697846622792
0.019726397627491062
0.019736199055687857
0.019697538876937606
0.019643690626500017
0.019635289402331335
0.019611534425767803
0.019590402053574384
0.019586449962551312
0.01955530603053206
0.01954491259688038
0.01956263033010192
0.019516639790292514
0.01950183965392032
0.01947924848330223
0.019457984778840663
0.019465080762313583
0.019435393608222575
0.019416277691469353
0.01941325502880549
0.019358816793409443
0.019378354993917175
0.019349712436482057
0.019338137012417034
0.01930499885041835
0.019294108374644132
0.01926395852686995
0.019257173699847724
0.019256723129143147
0.019218935804851983
0.01920343859721038
0.01919650021245924
0.019173828221983828
0.01916596849085921
0.019138598846176923
0.019112328351554225
0.019101890466981016
0.01906736018293995
0.019062341269800217
0.019035850541066317
0.01904098462250273
0.019020068443427653
0.019005044031951388
0.01897019652997033
0.018973396996320304
0.018973211110648463
0.018938325219235178
0.01892430701498258
0.018908326908693474
0.01886340319100073
0.018862629340866865
0.018868290771872312
0.018809641821909757
0.018827349452649134
0.018789968248141015
0.018790000576083942
0.01873486526941849
0.018741825879630396
0.018701250270261604
0.01869839934979455
0.018636984340215133
0.018643051891003626
0.018628338635978053
0.018632969613802636
0.018622010441149695
0.01860915604284254
0.01856495566287283
0.018534949270345397
0.01850776349083852
0.018491589416891843
0.01850213842876887
0.01846226595215878
0.0184358621047715
0.018427123457698497
0.01841956882153527
0.018397830300411935
0.01838401212530621
0.018364312285083836
0.018345998505414542
0.01833013356742212
0.01828782437211376
0.0182995412309291
0.01827340206857455
0.01826505337731313
0.018228765261375297
0.018242193480669442
0.0181847366236024
0.018157694299342268
0.018172797510179424
0.018150452840126167
0.01813632552906618
0.01812284477686478
0.018100681951490498
0.018076302641529148
0.018048310683945478
0.018049634109109133
0.018038040500576214
0.01801795878652799
0.018000895694150764
0.017998343807155804
0.017956689252691754
0.017985257051758848
0.017917576482740498
0.017931808859615
0.0179030753798404
0.017876774577771204
0.01787646746231338
0.017840207633325608
0.017844470880799376
0.017814858485076388
0.017807057348348327
0.017772884692175913
0.01781370680210954
0.017742051916607354
0.017753346491668185
0.01772830041788392
0.01770849147085416
0.017714112491930945
0.01769015950671697
0.017686563023066117
0.017637806423639848
0.01765325109837419
0.017623949859101894
0.017617712586613026
0.0175756256459123
0.01757084515135167
0.017574467901456153
0.017542719841003418
0.017526596279467566
0.01752719232591532
0.017478657981096688
0.017463061769129866
0.01745746499401028
0.017418142092429985
0.017427171690989347
0.01738867113145731
0.01739695718732931
0.01736040034536588
0.01736184500031552
0.017323647515248446
0.01731805882211459
0.01729291576450154
0.017291216527001333
0.01727042359820867
0.017271757125854492
0.017230789540177684
0.017195077265723276
0.01721981218305685
0.0171959278947216
0.017164367740437135
0.01715481483330161
0.017150064646187475
0.017126628908060364
0.017085865392523297
0.017106577501458636
0.017082495204472945
0.017060578879663498
0.017064631995508225
0.0170313200708163
0.017031217025498212
0.017001194468999312
0.016950057724774894
0.01696841393486928
0.016956691014564644
0.01693281985945621
0.016933572494377522
0.016884040024320958
0.01690704438645961
0.016852928420244637
0.01685216164184829
0.01685004618208287
0.01683608354148218
0.016819806422217417
0.016803271689657437
0.016793385400610455
0.016783035407632083
0.01674486620951507
0.016740083694458008
0.01673075607267477
0.016706843497389455
0.016705227100243
0.016681915622646527
0.0166638443025492
0.016659882109043962
0.01664297459489208
0.016635961451772915
0.016603346598350395
0.016578829894631594
0.016575081873748263
0.016544741089061156
0.01656749086864924
0.016539943420280843
0.016508207482806708
0.0164839958740493
0.016477954589714437
0.01644238273976213
0.016451457799491236
0.01643691426616604
0.01642031285722377
0.016406455282437598
0.016376600427142646
0.016360058622845147
0.016364734051591258
0.016367505162449208
0.01634191557512445
0.016327377093040336
0.016317452414561125
0.016274967436063086
0.01627108707266339
0.016232053102073023
0.016221753621505478
0.016236780053478176
0.01619729854292789
0.016198287575931874
0.016179230253575212
0.01618272975339728
0.016131069700596697
0.016131160622936184
0.016118115287716107
0.01611635442507469
0.01610256655741546
0.016090463783781407
0.016077843763060488
0.016034019195427327
0.016057625665503034
0.016031468318680585
0.016012965622594803
0.015995509543661343
0.015987224498037564
0.01596858137744968
0.01596917944439387
0.015964370662883177
0.0159220604573266
0.01594211893566584
0.015910703246876344
0.0159068996623411
0.01590886358487404
0.015860339342537572
0.015879894717264982
0.01585142390202668
0.015833919331178826
0.01579821917970302
0.01581115843886036
0.015809552144196073
0.015791933415299754
0.01577374490640931
0.015777583849632133
0.01573547973471173
0.015706734131958524
0.015699928089723748
0.015691340979883225
0.015693063453092414
0.015683083210961294
0.01565922518907967
0.015650943174200543
0.015641465025433038
0.015606011374522064
0.015613647840790829
0.015587164183794442
0.015565589322882184
0.015551692348415568
0.015539090512162549
0.015518440028368417
0.015541032209234723
0.015523573099556615
0.015505646244954254
0.01547616720199585
0.015464825145268844
0.015459897154468601
0.015425170882273529
0.015425548715106511
0.015400722875433454
0.015392832836862338
0.015375767723988678
0.015355347576787916
0.015347254478325278
0.015321973016706564
0.015332659422341039
0.01528283701104633
0.01529566312240342
0.01528049727617684
0.0152632927490493
0.015244746612290205
0.015248961367849576
0.015218375092845852
0.01522440021320925
0.015200844255544372
0.015168282945277327
0.015173966601743536
0.015160019114866094
0.015170484276141151
0.015131873599553512
0.01513066534268654
0.015092204182834948
0.015074546054258184
0.015085068799681583
0.015056941468836897
0.015068892705238472
0.015049980858624992
0.015030119378687971
0.015014063503782628
0.015009425454220529
0.015004428766541561
0.01498652211690353
0.014949071205268472
0.014959557581756074
0.014960594096426236
0.01492517580420284
0.014924486814919164
0.014900314605842202
0.014886203458753683
0.014901970402669098
0.014850532604476153
0.014854174549296752
0.014830825692516262
0.014815296156931732
0.014811378414348021
0.01479546700493764
0.014798234074802722
0.014754783299009679
0.014754010459124032
0.014737836385177354
0.014728988631296966
0.014724561723612122
0.014704165822368557
0.014688401909197792
0.014686625892833129
0.01466189299599599
0.014636468079130528
0.014629495345940024
0.014626820208662647
0.014645190562232065
0.014579282978833732
0.01458212076607397
0.01455601393166235
0.014547647055933031
0.014559573036129191
0.014523679927244024
0.014524225461280953
0.014493655350248692
0.014486051211922856
0.014469980183294264
0.014445839291912014
0.014422762191901773
0.014425433288186284
0.014433897147744389
0.014395817861718646
0.014384315175525212
0.014376896922871217
0.01436346668308064
0.01435330358602233
0.014340006698996334
0.01432960215261427
0.014313597800367969
0.014300342333518852
0.014289815547102588
0.014281386035983846
0.014267200130527303
0.014234994427632477
0.01423252639123949
0.01422989267413899
0.014220862065331411
0.014205019352799756
0.014170072846493478
0.014211848630743512
0.014184648707761602
0.014147596844172074
0.014160257274821654
0.014129927602864929
0.014123172073040978
0.01413273508265867
0.014106518131191447
0.014108407295356363
0.014067572052195922
0.014060580124289302
0.014073969954151219
0.014033523656554142
0.014015387680570958
0.01401744656643625
0.014005538770707987
0.014003080836797164
0.01399267325967045
0.013978839930841478
0.013962935593168614
0.013931731046256373
0.013928708383592508
0.013907513376009666
0.013895133794364283
0.013894758992275949
0.013874714657411738
0.013876267408920546
0.013864268690852796
0.013819821810318251
0.01382703195183964
0.01379931983301195
0.013796224432476497
0.013783264968354823
0.013791823791245283
0.013769137657294839
0.013753197960934396
0.013729051008062848
0.01371036545704987
0.013719469813977257
0.01370159751277859
0.01371617741503958
0.013701966253377624
0.013680722753880388
0.013674385466818081
0.013637445740780588
0.013644549806239241
0.01363026691695391
0.013628759626614846
0.013604697534593485
0.01359701156616211
0.013583053976802503
0.013581526481499106
0.013566469742079913
0.013553570892851231
0.013529555272247832
0.013525230399632857
0.013526659900859252
0.013501434002892446
0.013493766218928968
0.013463723457465738
0.013467699794446007
0.013441468699503753
0.01343090049291061
0.013423715607594635
0.01340832750676042
0.013388553918418238
0.013390205674252267
0.013368046889870854
0.013355602652339612
0.013348201573905299
0.01334654678732662
0.013312516576152737
0.013308646315235203
0.013294620028996871
0.01328849691455647
0.01327514345363035
0.013272721888655322
0.013246714058568922
0.013254549543736345
0.013243683313919325
0.013223968319973703
0.013207356808549267
0.013217043068449376
0.013179607310537564
0.013154601646681963
0.013161676414942338
0.013147536980903755
0.013105250011056157
0.01311190552630667
0.013087363566382456
0.01310157573829263
0.013073628231630488
0.01306928113355475
0.013048264939906233
0.013041997359970869
0.013013219429274737
0.013019366789672334
0.013006107281830352
0.012993608490895417
0.01299014940100201
0.012982955423452087
0.012969832299119336
0.012957951780092918
0.012944569021968519
0.012926156237974004
0.012923570002539683
0.012919998775094243
0.01290139606443502
0.012873709201812744
0.012871710930840444
0.012867507288011453
0.012871371487439689
0.01284411903155052
0.01285953845007945
0.012846846701735156
0.012808280476069047
0.012785625659813315
0.01279845076092219
0.01278199179697845
0.01279395010511754
0.012760618985709498
0.01274238501564931
0.01271892604181322
0.012730883339704093
0.012707816342176017
0.01268222069336196
0.012675548003891767
0.012680290109020168
0.012676370345940024
0.01266309366387836
0.01264770960403701
0.012645313295267396
0.012631819409839177
0.012643672652163748
0.012605248871496168
0.012584621623411016
0.012598568100040243
0.012562377978179414
0.012567467608694302
0.012580209869449422
0.012584318548946058
0.012557934906523106
0.012525818105471336
0.012536762124401028
0.012505845498230498
0.01249699471360546
0.012492346561561197
0.01246708934589968
0.012474282313201386
0.012451818433858581
0.012431422532615016
0.012412691520432294
0.012407753427149885
0.012425913649090266
0.01241340374542495
0.01239521725703094
0.01240411956431502
0.0123687487537578
0.012372155310743945
0.01234187514094983
0.012327642764075327
0.01231181823601157
0.012314446901870986
0.012288121853844595
0.012284824403665833
0.012283433291871669
0.01226453255798857
0.012248348381559727
0.012268127021142992
0.012265792337514587
0.012231616650597524
0.012230460926637812
0.012203261003655902
0.012184823973704193
0.012198622954093803
0.01218223167678057
0.012179462586419058
0.012153459807573739
0.012175156908520198
0.012142175334995077
0.012142229888398769
0.012138671794180142
0.012100357120319948
0.012093881429251978
0.01208527815543999
0.01207792556892007
0.01208078356112464
0.01205334218881898
0.012036667031756902
0.012044576265044132
