2.243587687864142
2.122014708438162
1.994850805250265
1.9162940332445049
1.875776646500927
1.8470955541578389
1.7909783832097457
1.7471661325228416
1.6733236797785356
1.6381206189171742
1.5539404658947962
1.4733580249851033
1.3870477191472457
1.3400571144233315
1.3072481317035223
1.2373171014300848
1.198570639400159
1.1565881502830375
1.1091929290254237
1.0892008118710275
1.0276315333479542
0.9805546130164194
0.9265488446769068
0.9053830292265294
0.8835864956096068
0.8469787856279793
0.8335216974807997
0.82277575993942
0.8081441329697431
0.7891466819633872
0.7559775659593485
0.7482431056135792
0.7311569472490731
0.725357314287606
0.6964346675549523
0.679653361692267
0.6612385248733779
0.6499005333851959
0.6412449852894928
0.6349417476330773
0.6244683993064751
0.6114756697315281
0.5962088633391817
0.5852400569592492
0.5744597871424788
0.5624806678901284
0.549386105294955
0.540178007998709
0.5329360315355204
0.5263624352923895
0.5229959002995895
0.5173140057062698
0.5076604293564618
0.5012901758743544
0.4946720963817532
0.4871664855439784
0.4838116209385759
0.47852962299928825
0.4723171945345604
0.470542778403072
0.46415464756852487
0.4565085394907806
0.45092786368677173
0.44760293475652146
0.4454407126216565
0.4409631632142148
0.4358807903225139
0.43212163246284097
0.42798827866376454
0.4228970802436441
0.41974475020069185
0.41620435553081964
0.4121009374068955
0.40534979610119837
0.4031644594871392
0.4004318431272345
0.39615036269365733
0.39137911392470537
0.386670031790006
0.3833039170604641
0.3795801906262414
0.3747718940346928
0.3689457844879668
0.3644866943359375
0.362686383522163
0.36023738020557466
0.35779545670848784
0.3538818359375
0.3514278541177006
0.34942132335598186
0.347909507104906
0.34562353360450876
0.34356618331650557
0.34064105405645856
0.3376607086698888
0.33509322344246556
0.3324268793655654
0.3299145132808362
0.3269052990412308
0.3253018007440082
0.3236329676741261
0.32125686386884267
0.3187426227634236
0.3173575320486295
0.31593335685083423
0.31357600325244966
0.31226694785942466
0.3114877474510064
0.31029303599212127
0.3082499423269498
0.3058218228614936
0.30343634395276087
0.30148412413516285
0.29989465616517147
0.29803641367766814
0.2959930290610103
0.29429555343369307
0.2920637938935878
0.2903099060058594
0.2896415581137447
0.28754935830326406
0.2875515566033832
0.2855500366728185
0.28360696566306937
0.2823451090667207
0.2810064089500298
0.2806705216229972
0.2798310296010163
0.27828381425243315
0.276831319776632
0.27365435584116793
0.27234381336276814
0.27068810543771515
0.26934594623113084
0.26870585296113614
0.26681246999966896
0.2649237745899265
0.2638800831164344
0.2629478098982472
0.2615472017708471
0.2595520827729823
0.25857039629402806
0.2579033738475735
0.25752426406084483
0.25645829863467456
0.25494227975101796
0.2531840114270226
0.25238557589256155
0.25091591527906515
0.250683008614233
0.2493459248946885
0.2481598449965655
0.24737742795782575
0.24690914154052734
0.24587382300425384
0.24456725686283434
0.243111901364084
0.24080777572373213
0.23928849171783964
0.23841321266303628
0.23694413395251257
0.2360085956120895
0.23480371701515326
0.2336209022392661
0.23296123439982785
0.23189294136176675
0.23011669870150292
0.22910428451279463
0.22903120719780357
0.22827992196810448
0.22729270741090937
0.22604084014892578
0.22416766215178927
0.22365450454970537
0.22264024766825014
0.22159052703340174
0.2211295952231197
0.22032129966606528
0.219920142222259
0.21915728358899134
0.2184229220374156
0.2179664676472292
0.21704310077731892
0.2160900083638854
0.2143909486673646
0.21426992901300979
0.2136058322453903
0.21256589081327795
0.2121222544524629
0.21172475006620764
0.21136413186283434
0.21050676248841366
0.2095994141142247
0.20812550237623312
0.20742322630801444
0.2061714721938311
0.20482916751150357
0.2036534487190893
0.20319191884186308
0.20259488639184983
0.20135255587303033
0.20060938495700642
0.19940216258420781
0.19819474624375166
0.19736758733199813
0.19615611383470438
0.19494510909258309
0.1940907947087692
0.19322999857239803
0.19287371231337724
0.19234227325956701
0.1914647312487586
0.19143907902604443
0.19043566816944188
0.18971488435389633
0.1886516021469892
0.18837172298108118
0.18763713513390493
0.1867661556955111
0.18665638616529562
0.18618616007142147
0.18523688235525357
0.1842710042403916
0.18323587967177568
0.1830060764894647
0.1822772106881869
0.18164149785445907
0.1810629408238298
0.18066677804720604
0.17941806275965805
0.17870411630404198
0.17822706901420982
0.1774698354430118
0.17651751890020856
0.17593618166648736
0.17523367930266817
0.17458183482541875
0.1743234214136156
0.17383522098347293
0.17345076092218947
0.17313388242559918
0.1718192504624189
0.1714271125146898
0.17088999990689552
0.17041413258698027
0.16985902947894596
0.1695556640625
0.1689956955990549
0.16852091126522775
0.16821486262951868
0.16741238610219147
0.16685319350937666
0.16635506840075476
0.16569396196785618
0.16534102165092857
0.1653604507446289
0.16465028665833553
0.16416226403187897
0.16361323857711532
0.16290349475408006
0.1623920505329714
0.1616739337727175
0.16135264251191736
0.1607759928299209
0.16056106050135727
0.1602106902558925
0.159866106712212
0.15913549520201603
0.15887653221518305
0.15859180385783567
0.15820045794470836
0.15788068609722591
0.15737098758503543
0.15711611408298298
0.156753766334663
0.15644133293022544
0.15614653441865564
0.15579110485012249
0.15513926037287307
0.1547680386042191
0.15426344790701138
0.15367391553975768
0.15352950661869372
0.15326774726479742
0.15264612941418665
0.1522410764532574
0.15209356404967228
0.1510661496954449
0.1510266287852142
0.15076032735533634
0.15046000076552568
0.15006802445751125
0.1497377783565198
0.14895615335238183
0.1485710952241542
0.14827951334290584
0.14786799479339083
0.14737618979761155
0.14703567957474015
0.14673236265020856
0.14622033652612718
0.14594082913156284
0.14558210211285091
0.1452589843232753
0.14494590435997914
0.144038410510047
0.14396386227365268
0.14340594663458356
0.1434599019713321
0.1429775367348881
0.14305758072158037
0.14253474090058924
0.1422962253376589
0.14213560395321603
0.14169314756231793
0.1410515995348914
0.14077852540096994
0.1404827085591979
0.1402215311082743
0.14007726766295353
0.13953944384041478
0.13941994359937765
0.13881545955851926
0.13858258522163003
0.1379723468069303
0.13762661562127582
0.137319532491393
0.13707086595438295
0.13682216708942996
0.13650079500877252
0.13613629745224776
0.13573134147514732
0.13557445396811274
0.13536546998104806
0.13519887600914907
0.134622032359495
0.13447933681940627
0.13401816254955226
0.13366736395884368
0.13344049453735352
0.13300646765757415
0.13254046036025224
0.13274243726568707
0.13236424074334613
0.13219872167554952
0.13175637843245167
0.13187127194162143
0.13149489386607024
0.13099905595941058
0.1305005348334878
0.13015999228267347
0.12956641084056789
0.12954543000560695
0.12921404434462724
0.12915748660847293
0.12868823035288665
0.1287223201687053
0.12836122512817383
0.12803500385607702
0.12770518610032938
0.12728472887459447
0.12713671538789392
0.12671816551079185
0.12663317534883142
0.1263337539414228
0.12616789543022544
0.1255377914945958
0.12532460487495034
0.12502734135773222
0.12471936112743313
0.12437582824189784
0.12423557346150027
0.12376715773243015
0.12340701636621508
0.1233027668322547
0.12285143642102257
0.12270726995953059
0.12258759191480734
0.12218093872070312
0.12196647514731197
0.1217925993062682
0.12139210458529198
0.12136762425050897
0.12114624249733101
0.12101200071431822
0.12066664938199317
0.12030060008420783
0.12012676465309273
0.11957857972484524
0.11923848168324616
0.11913255917823921
0.11890238422458455
0.11857280084642313
0.11852452714564436
0.11814924822015277
0.11811538469993461
0.11789583755751788
0.11748942682298563
0.11734624636375297
0.11708684694969047
0.1169461153321347
0.11649594872684801
0.11649960986638473
0.11653898530087228
0.11621263471700377
0.11587340952986377
0.11553573608398438
0.11523566003573144
0.11478020781177585
0.1145072387436689
0.11409260054766121
0.1140453936689991
0.11373438269405042
0.11346047611559852
0.11328171067318674
0.11288890192064188
0.11292980485043283
0.11239638571011817
0.11230092129464876
0.11203004546084647
0.11179597499006885
0.1116647962796486
0.11142481787730071
0.11123043803845421
0.11120243395789195
0.11089308787200411
0.11032240269547802
0.11019399610616393
0.11011023440603483
0.10992614293502549
0.10956250206898835
0.10921282687429655
0.10916320348190049
0.10893904152563062
0.1085300526376498
0.10830045958696785
0.10835302482217045
0.10809363349009368
0.10808197926666777
0.10785625748715158
0.10765012644105039
0.10745480909185895
0.10728260622186175
0.1071408805200609
0.10677942987215722
0.10655399904412738
0.10647047980357024
0.10654523008960788
0.10605437068615929
0.10605021654549292
0.10586068589808577
0.10550308227539062
0.10541907811568955
0.10515592866024728
0.10518444190591068
0.10488330711752682
0.10459945969662424
0.1043725983571198
0.10418269593836897
0.10392371678756455
0.10377562248100669
0.10349735163025937
0.10323435573254601
0.10297905388524976
0.10277040934158584
0.10245950343245167
0.10249409433138573
0.10209950754197977
0.10210856744798563
0.10194438998982058
0.10192576909469346
0.10160151982711534
0.10121879739276433
0.10090368076906366
0.10078345314931061
0.10080596956156068
0.10057427519458835
0.10044046983880511
0.1002937656337932
0.10014424889774645
0.10004087221824516
0.09987244363558495
0.09953944965944451
0.09897354901847193
0.09885243238028833
0.09895885596841068
0.09863342673091566
0.09866810653169276
0.09845426527120299
0.0982423717692747
0.0979944002830376
0.09803851984315
0.09792452343439652
0.09764702037229377
0.0974815902063402
0.09739993790448723
0.09712125487246756
0.09708377062264135
0.09678764666541148
0.09682707059181343
0.09659570758625613
0.09650691889100156
0.09625488216594114
0.09616775835974742
0.09600976362066754
0.09581734770435398
0.09572343503014516
0.09566669949030472
0.09538230249437235
0.09501994666406664
0.09494115538516287
0.09488563214318227
0.09461337428981975
0.09458220207085044
0.09426863718841036
0.09403181076049805
0.09407555854926675
0.09388247991012315
0.09370016647597491
0.09355233887494621
0.09349233821286994
0.09322604486497782
0.09306419501870365
0.09264301041425285
0.09267616271972656
0.09236054501291048
0.09230293661861097
0.09211923308291678
0.09235988229008044
0.09200815427101265
0.09196935265751208
0.091836961649232
0.09169282751568293
0.09148397284038996
0.09113279439635195
0.09107411917993578
0.0909874318009716
0.09080915935968949
0.09063382876121391
0.09046080961065778
0.09032991376973815
0.09015039670265328
0.08976656703625695
0.08951925827284991
0.08933881985939156
0.08916630179195081
0.08907922647767148
0.08897784604864606
0.08882328615350238
0.08863357770240914
0.08850261720560365
0.08837796873965506
0.0881607734550864
0.08797977738461252
0.08776811826027046
0.08793726613966085
0.08767198303998527
0.08751781108015674
0.08745439173811573
0.08739999997413765
0.08721965854450808
0.08705455165798381
0.0869083242901301
0.0868127386448747
0.08675089529005148
0.08638828083620233
0.0863929845518985
0.08613805447594594
0.08599291009418035
0.08585336652852721
0.08597396591962395
0.0857954348547984
0.08558891587338205
0.08551579814846233
0.08516222743664757
0.08498527235903983
0.08495083501783468
0.08484953540866658
0.08473414081638142
0.08460040011648405
0.08439793829190528
0.08423184540312169
0.08415635965638242
0.08416055420697746
0.08399967419899117
0.08379386643231926
0.08348585387407723
0.08324506727315611
0.0831038507364564
0.08312949487718485
0.08303225242485435
0.08290231834023686
0.08287359496294441
0.08252132545083256
0.08244968672930184
0.08220549761238745
0.08216193570929059
0.08198932065802106
0.08171152664443194
0.08166452181541313
0.0817110659712452
0.0814922542895301
0.081227318715241
0.08123805967427916
0.08102154327651202
0.0810333914675955
0.08087327924825377
0.08082345380621442
0.08074770135394597
0.08064888291439767
0.08059284242533021
0.08048801098839711
0.08037674629082114
0.08035663831031929
0.08017935995328224
0.07994306693642826
0.0797782348374189
0.07980525291572182
0.07942914154569981
0.0793984461638887
0.07973645097118313
0.07948272511110467
0.07929766380180747
0.0791243375357935
0.079122511007018
0.07893336021294028
0.07879402677891618
0.07866909544346697
0.07865453170517743
0.07852482391616046
0.07839996531858283
0.07823640209133342
0.07807326720932782
0.07799166339938923
0.07786485704325014
0.07778884596743826
0.07779957076250496
0.07760231373673779
0.07736013703427072
0.0773977910057973
0.07716022103519762
0.07701036485575014
0.07688636294866012
0.07672877230886686
0.07666833521956104
0.076581583184711
0.07650140988624703
0.07630438723806608
0.07611905114125397
0.07608459763607736
0.07612522577835341
0.07589995659003823
0.0758356805575096
0.07570888228335623
0.07549738479872882
0.07544932122957909
0.07532126216565148
0.07521574375993115
0.07509618694499387
0.07501862412792142
0.07510042190551758
0.07483576920072911
0.07479423587605105
0.07469383336729922
0.07440994553646799
0.07433338488562632
0.07426300695386984
0.0742104093907243
0.07402357812655175
0.07397379309444105
0.07398358846114854
0.07379554489911613
0.07372487601587328
0.07367169654975503
0.07358730445473881
0.07334109484139135
0.07323627956842972
0.07322373632657325
0.0731515641939842
0.07308993905277575
0.07308004670223947
0.07303774558891685
0.07269751823554604
0.07259695408707958
0.07249468463962361
0.07248956066066936
0.07247971680204747
0.07234406067153155
0.0722653017205707
0.07222449577460854
0.07209800461591301
0.07205629348754883
0.07201791213730634
0.07194632190769001
0.07186956728919078
0.07163396932310977
0.07179512411861097
0.07156195074824964
0.0714646274760618
0.07136171146974725
0.07132716098074186
0.07119948177014367
0.07109065783225883
0.07097348520311259
0.07095984281119654
0.0708510673652261
0.07080249463097524
0.07062427876359326
0.07042149365958521
0.07040389109466036
0.07024034403138242
0.07006171598272809
0.07003438270698159
0.07001717615935762
0.0699185274415097
0.06982556035963156
0.06966833340919625
0.06960776700811871
0.06949508796303959
0.06935982784982454
0.06928891650700973
0.06922897241883359
0.06916249808618578
0.06898930921392926
0.06890010833740234
0.0686462612475379
0.06872493937864142
0.06877371416253558
0.06856141656132067
0.06851290848295567
0.0685034444776632
0.06827249365337824
0.06816160880913169
0.06801501775192002
0.06795517872955839
0.06787390628103483
0.06788948834952661
0.0677537837270963
0.06769534692925921
0.06749360036041777
0.06750732761318401
0.06739261594869322
0.06735529333858167
0.06725979255417645
0.06715772919735666
0.06715346999087576
0.06699328907465531
0.06694513256266965
0.06691754066337974
0.06690309815487619
0.06675443002733134
0.06657142962439586
0.06657874786247642
0.06656992637504966
0.06647160901861676
0.06661586034095894
0.06637729628611419
0.0662834038168697
0.06617757829569154
0.06610960879568327
0.06612256421881207
0.0661058587543035
0.06598142850196968
0.06579810077861203
0.06577177371008922
0.0655900179329565
0.06551013558597887
0.06537635851714571
0.06518242722850735
0.065074977228197
0.06498555813805532
0.06492832959708521
0.0648218777220128
0.06477263418294615
0.0647197779962572
0.06480113126463809
0.06459349292819783
0.06452281596296924
0.06438192674669169
0.06430302636098054
0.06421272633439404
0.06416997667086327
0.06418791867918887
0.06400599722134864
0.06395116094815528
0.06387472152709961
0.06385785846386925
0.06377597986641577
0.06375227944325593
0.06355369293083579
0.06350589202622235
0.06342768265029132
0.06335228580539509
0.06317639350891113
0.06323175915216996
0.06305990380755926
0.06306045742358192
0.06289712857391874
0.0629547329272254
0.06270481368242684
0.06261324074308751
0.06258911197468386
0.0624975188303802
0.062410229343478965
0.062435946222079
0.06229987386929787
0.06229080992229914
0.06226417977931136
0.06211828781386553
0.06207867396079888
0.06199131173602605
0.06197454161563162
0.061839148149651996
0.06164332567635229
0.061619928327657406
0.06157808788752152
0.06145060668557377
0.061382600816629704
0.061481475830078125
0.061336476924055715
0.06119608070890782
0.061222197645801606
0.06104384034366931
0.06097367254354186
0.06097477573459431
0.06082610760704946
0.06079356145050566
0.06070903196173199
0.06068634178678868
0.060756376234151546
0.060736345032514155
0.06059127742961302
0.06057338795419467
0.060510473736261915
0.0604005264023603
0.06030610456305035
0.06025902699615996
0.06009198043305995
0.060049073170807404
0.060022083379454534
0.0599272655228437
0.059828168254787636
0.059854252863738494
0.05964581441071074
0.05958460953276036
0.05948414236812268
0.05943722239995407
0.05937874923318119
0.05924112513913947
0.059211132890087066
0.059175168053578524
0.059041136402194785
0.05898609807935812
0.05889301784967972
0.05887039637161513
0.05881422657077595
0.05872224549115714
0.058578895310224116
0.058477886652542374
0.05843898401422016
0.058430332248493776
0.058257729320202845
0.05811156256724212
0.05804444975772147
0.05796759411440057
0.05797364348072117
0.057877888113765395
0.05783130354800467
0.05776613849704548
0.05774086612766072
0.05762364096560721
0.057654312101461117
0.05754893513049109
0.05750376087124065
0.05741435794507043
0.057283680317765574
0.05729290590447895
0.05722359075384625
0.05717531301207462
0.05701045666710805
0.05707824028144449
0.056926007998191704
0.05689202324818757
0.056915396350925254
0.056720693232649465
0.05674131846023818
0.05672690019769184
0.056513442831524346
0.056452181379673845
0.05645924099421097
0.05638034464949268
0.05633292359820867
0.05625298467733092
0.05611025276830641
0.056089954861139844
0.056037333052037126
0.05596770674495374
0.055839878017619506
0.05579279236874338
0.055760739213329254
0.0556357876729157
0.05550626172857769
0.055435200869026834
0.05545031822333902
0.055410296229992884
0.055359173629243495
0.05531658560542737
0.05537551136340125
0.05525985006558693
0.05516436948614605
0.05509716373378948
0.05509368443893174
0.05508119372998254
0.05487703064740714
0.05487246028447555
0.054832264528436175
0.054790044234970865
0.05470059281688625
0.054653062658794854
0.05462312698364258
0.05465241205894341
0.054567813873291016
0.0545331583184711
0.05445569248522742
0.05430589287968005
0.054372965279272045
0.054385928784386584
0.054231183003571076
0.054125656515865005
0.054118746418063926
0.054122367147671976
0.054039833909374176
0.05391775551488844
0.05383474543943244
0.05371681310362735
0.053742222866769565
0.05370291208816787
0.053639900886406335
0.05359183327626374
0.05360823162531449
0.053610894639613264
0.05345783395282293
0.0533992961301642
0.05331679117881646
0.0533079454454325
0.05315865500498626
0.05314851211289228
0.0531883563025523
0.05296361648430258
0.052974474632133874
0.05298141301688501
0.05292238219309661
0.052859245720556225
0.052786439152087195
0.05273989499625513
0.05281020019014003
0.05269150814767611
0.05255654706793316
0.052517482789896305
0.0525833024816998
0.052430916640718105
0.052387787123857915
0.052387383024571306
0.05232848151255462
0.05232781474873171
0.052281549421407406
0.052114288685685496
0.05207113088187525
0.05208923048892264
0.052009428961802336
0.05194386789354227
0.051995156174999176
0.05182654170666711
0.05174378621376167
0.051668886410987984
0.0516557733891374
0.051672050508402165
0.05160743907346564
0.05161652726642156
0.051482358221280375
0.05149691387758416
0.05132389876802089
0.05130264314554506
0.05139377965765484
0.05132465039269399
0.05119402125730353
0.05110712374671031
0.05108510033558991
0.05105819136409436
0.05093915583723682
0.05094292608358092
0.05083088955636752
0.05078596987966764
0.05067216339757887
0.05080714468228615
0.050765837653208586
0.05057335708100917
0.050548100875595865
0.050566713688737254
0.05044659113479873
0.05042992608021882
0.050436504816604874
0.05038551960961293
0.05032027777978929
0.05026339676420567
0.05018326791666322
0.0501428620289948
0.05005286507687326
0.05003788915731139
0.050048957436771714
0.049954786139019464
0.04986562971341408
0.04989825264882233
0.04985831147533352
0.049825737031839665
0.04969501495361328
0.049740758992857854
0.04969602116083695
0.049620640479912194
0.04958421092922405
0.049619250378366245
0.04952311111708819
0.04945133096080715
0.049522739345744506
0.04942031634055962
0.04935113454269151
0.04929108942969371
0.04923423670106015
0.049116296283269335
0.04903360140525689
0.049018318370237186
0.04900305149918896
0.04897007699740135
0.0489782559669624
0.04894353979724949
0.04891402842634815
0.04876192949585995
0.04870508080821926
0.04863869941840738
0.048617860018196755
0.04849947509119066
0.04848075317124189
0.04848601858494645
0.04842113236249503
0.04829574843584481
0.04830716424069162
0.04828687845650366
0.04821647627878997
0.04819744724338337
0.04823098748417224
0.04804316617674747
0.048051179465601
0.04792376696053198
0.04791857024370614
0.047882524587340276
0.04786563323715986
0.04777886099734549
0.04782197435023421
0.047636622089450645
0.04763705447568732
0.04758795237137099
0.04761211346771758
0.047633817640401546
0.04752547458066779
0.04750921766636735
0.04749529240495068
0.047472864894543665
0.04740927583080227
0.04738348217333777
0.04732553029464463
0.04731391244015451
0.047259803545677055
0.04724703804921296
0.04717063903808594
0.04708194328566729
0.0470851397110244
0.04709579580921238
0.047034344430697164
0.0469912836107157
0.04702120312189652
0.04685858144598492
0.04690253936638266
0.046844821865275756
0.04677024534193136
0.04671549392958819
0.0466571298696227
0.04658628318269374
0.0465453075150312
0.046460014278605834
0.04646363096722102
0.04641073032961053
0.04631996558884443
0.046397281905352056
0.046287851818537305
0.04622171692929025
0.04624976141978118
0.04615007416676667
0.04622018539299399
0.04614144260600462
0.04599863391811565
0.046044070841902394
0.04589806168766345
0.045857530529216185
0.04583583443851794
0.0457789089720128
0.04575442863722979
0.04573510460934396
0.04568581257836293
0.04568329503980734
0.04557583695751125
0.04560167910689014
0.045613179772587144
0.04550789978544591
0.045558703147758874
0.04544274281647246
0.045371564768128474
0.045334456330638824
0.045301772780337576
0.04524143267486055
0.04523846254510395
0.045125476384567
0.045135918310133076
0.044990588042695644
0.04510892447778734
0.045059608200849116
0.04502003879870398
0.04502909870470984
0.044889482401185114
0.04497346635592186
0.0448861081721419
0.04486670332439875
0.044746940418825314
0.044746164548195015
0.044737678463176146
0.04476114450874975
0.044688750121553066
0.04461458577948101
0.04459050146199889
0.04457284636416678
0.044499433646767825
0.04454571109707073
0.044491024340613416
0.044446759304757846
0.044437901448395295
0.04430568016181558
0.04439211699922206
0.044175216707132633
0.04420420274896137
0.04424323065806243
0.044176150176484706
0.044147370225292144
0.044196221788050764
0.04403647729905985
0.044020757836810614
0.04403359203015344
0.04398340289875612
0.04396854416798737
0.04397959628347623
0.043873637409533484
0.04390586836863372
0.04379427635063559
0.0437647366927842
0.043723146794206004
0.04374576019028486
0.04365657143673654
0.04361911951485327
0.043628252158730715
0.04362619125236899
0.043544676344273454
0.04346824096421064
0.04350249646073681
0.0434237577147403
0.043410511340125135
0.04339983099597996
0.043306451732829467
0.04325075472815562
0.04325038295681194
0.043169486320624915
0.043178360340958934
0.04318448648614399
0.04310549315759691
0.04314616170980162
0.0430032762430482
0.043051412550069515
0.04297000674878137
0.042955968339564436
0.04285457982855328
0.04284455008425955
0.042835599285061074
0.042749493809069616
0.04272427801358498
0.04265212204496739
0.0426288216801013
0.04263315362445379
0.04273050114259881
0.042465965626603465
0.04258244724596961
0.04258805210307493
0.04253484435000662
0.0425117379527981
0.0424141964669955
0.042450613894705044
0.04233471821930449
0.04230246705523992
0.042230977850445245
0.042182154574636685
0.042172480437715175
0.042161028263932566
0.04206433942762472
0.04199042562711037
0.04208504547507076
0.04208439487521931
0.042024046687756555
0.04199568699982207
0.04198301848718675
0.04195861493126821
0.04190522937451379
0.04183262889668093
0.041770312745692366
0.0418636152299784
0.04176815485550185
0.04167946314407607
0.04166821706092964
0.04159280809305482
0.041628332461340956
0.041635925486936405
0.041526079177856445
0.04150369611837096
0.04149228031352415
0.04139321133241815
0.04134474770497468
0.04127958265401549
0.04129981186430333
0.04125626612517793
0.0412332567117982
0.04130301637164617
0.041143098119962015
0.04111748226618363
0.04111829046475685
0.041034884371999966
0.0410476337044926
0.041039268849259715
0.04101159208911961
0.04097758713415114
0.040963896250320694
0.04092471074249785
0.04084634780883789
0.04089779368901657
0.04088445841255835
0.04079993296477754
0.04070504237029512
0.04076743530014814
0.04068808636422885
0.040615291918738416
0.04066502037694899
0.04060600571713205
0.04052392507003526
0.04053675926337808
0.040509781595003805
0.04039614483461541
0.04037443257994571
0.0404758049269854
0.040395550808664096
0.04027988951084977
0.04017744630070056
0.040271451917745296
0.04021636914398711
0.040127148062495864
0.04008790193978003
0.04012089664653196
0.04015888602046643
0.04005136732327736
0.0400043099613513
0.03997932450246003
0.03990785146163682
0.039872638249801376
0.039860171786809374
0.03978494062262066
0.039810815099942484
0.03991205005322473
0.0398074368299064
0.0397103843042406
0.03963742013704979
0.03962370500726215
0.03955375946174234
0.039518158314591746
0.039516836909924524
0.03948004771087129
0.03946916531708281
0.03944532750016552
0.03937503847025209
0.039331274517511915
0.03930325831397105
0.03928553047826735
0.03926039550264003
0.03927832538798704
0.03918892650280969
0.03910360093844139
0.03909773745779264
0.03905112864607471
0.03898614948078737
0.0389970035876258
0.03894764690075891
0.03894573147014036
0.0389641583976099
0.03883956650556144
0.03879705930160264
0.0388671301179013
0.03874537500284486
0.03871584746797206
0.03881481946524927
0.03868102219145177
0.03870570861687094
0.038679458327212576
0.038633791066832464
0.03858354536153502
0.03857071925017793
0.0385842525352866
0.03845366785081766
0.038401514796887415
0.03842335232233597
0.03840135315717277
0.038443868443117306
0.038374448226670084
0.03835299055455094
0.038300449565305546
0.0382715120153912
0.03827816348964885
0.0381359730736684
0.03814027269007796
0.038144891544923946
0.03811740067045567
0.03808622036950063
0.03798429440643828
0.03797717821800103
0.03797164205777443
0.03800031290215961
0.03793490135063559
0.037955429594395525
0.03786150075621524
0.037889133065433823
0.037829176854279084
0.037778066376508296
0.0377974873882229
0.037836499133352505
0.037743358288781115
0.03769082538152145
0.03765950364581609
0.037659232899294064
0.037663253687195856
0.03756223290653552
0.037579051518844345
0.037552045563520015
0.037453611018293996
0.03747887126470016
0.03745887643199856
0.03736035702592236
0.037414692216000314
0.03735463498002392
0.03729069434990317
0.03724516852427337
0.037273580745115116
0.0372321848141945
0.037213519468145856
0.03719128592539642
0.0371121430801133
0.037132121748843436
0.037119453236208126
0.03707897461066812
0.037008370383311125
0.036992776191840736
0.03699439662998005
0.036984556812351035
0.036922285112284
0.03692835872456179
0.0368787514961372
0.036850036200830494
0.03677222284220033
0.03679300162751796
0.036791243795621195
0.036693613407975535
0.03667338015669483
0.03666923005702132
0.03668104592016188
0.03658527438923464
0.03655085321200096
0.03652764174897792
0.036531977734323276
0.036462020065824864
0.03648947457135734
0.03642215567120051
0.03640656552072299
0.0363559076341532
0.03639377577830169
0.03634262893159511
0.03638740313255181
0.03633188797255694
0.03626507823750124
0.03626439530970687
0.03623080253601074
0.03615424592616195
0.03615471468133442
0.03612071780835168
0.03612115019458836
0.03603928372011346
0.03594179880821099
0.03593063758591474
0.035904270107463256
0.03588458239021948
0.03585541854470463
0.03584014359167067
0.0358364299192267
0.03581870208352299
0.035793866141367765
0.03568625854233564
0.03574606523675434
0.035609705973479705
0.035629987716674805
0.03559624138524977
0.03555364527944791
0.03552162041098385
0.03545626947435282
0.035531965352721136
0.03542465274616823
0.035367981862213654
0.035372018814086914
0.03536371457374702
0.03533019857891535
0.035291154505842824
0.035309831974870066
0.03530587180186126
0.03521155502836583
0.03519687814227605
0.035206818984726725
0.035154572987960556
0.035040520005306955
0.03501250784275895
0.03503427263033592
0.03491050105983928
0.03494181471355891
0.034911664865784724
0.03491693027948929
0.03489329855320817
0.03486242132671809
0.034815566014435334
0.034843650914854925
0.034763231115826104
0.03474830772917149
0.03463834827229128
0.03470032902087195
0.03465832290002855
0.03457820617546469
0.03465002270068152
0.03458698725296279
0.034521547414488714
0.03450429237495035
0.03450573500940355
0.03450367410304183
0.034451654401876156
0.03442746501857952
0.034365447901063044
0.03435865903304795
0.03438892606961525
0.0343613018423824
0.034329826548948124
0.03426283901020632
0.03418513879937641
0.03422456676677122
0.03413827944610078
0.034092834440328304
0.03415651644690562
0.03406573958316092
0.03400898383835615
0.03399691743365789
0.033972740173339844
0.03393022892838818
0.033994238255387645
0.033924114906181725
0.033893530651674435
0.03379446369106487
0.03383581921205682
0.03380913249516891
0.03380369735976397
0.03376801943374892
0.03370159763400837
0.03372057211601128
0.033647230115987484
0.033615225452487754
0.03366405478978561
0.03362371153750662
0.033593824354268734
0.033639984615778516
0.033567553859646035
0.033563959396491615
0.03349066588838222
0.03350316872031002
0.03347766197333902
0.03347879345134153
0.03340392193551791
0.03342058496960139
0.03336284524303371
0.03333099817825576
0.03335532293481342
0.03329835099689031
0.033291893490290235
0.033270660093275166
0.033217347274392336
0.033162137209358865
0.03316695407285529
0.03321830094870874
0.03310015848127462
0.03317035052735927
0.033039535506296965
0.033042699603711145
0.03309194718377065
0.03299507448228739
0.03302115505024538
0.03297833264884302
0.03291414147716457
0.03291575787431103
0.03293720746444444
0.03289968886617887
0.03280659853401831
0.032873836614317815
0.03284705291360111
0.03282125521514375
0.03279978339954958
0.03269593190338652
0.03268247135614945
0.03264288983102572
0.03261181055489233
0.03267227189015534
0.0325554791143385
0.03254557262032719
0.03260221723782814
0.03253984855393232
0.03250284922325005
0.032522415710707846
0.032457202167834265
0.0323984057216321
0.032402832629316945
0.032414618185011006
0.03235467005584199
0.032323388730065294
0.03231966697563559
0.03233999923124152
0.03229327525122691
0.03229209730180643
0.03224763425730043
0.032224727889238775
0.03212747331392967
0.032083242626513464
0.032047417204258806
0.032072166265067405
0.032037597591594115
0.03199392658168987
0.031969575558678576
0.031944885092266534
0.03193964998600846
0.03182761143829863
0.031883110434322036
0.03183110689712783
0.03183027243210097
0.031850459211963715
0.03179764747619629
0.03176184832039526
0.031784760749946205
0.03171772067829714
0.03172115552223335
0.03170733532663119
0.03170581389281709
0.031637539297847427
0.03166375321857
0.03161902953002412
0.031649005615105065
0.03161007873082565
0.031643526028778596
0.0315064171613273
0.03156936774819584
0.031421350220502436
0.03147373361102605
0.031431561809475136
0.03137924307483738
0.03141622624154818
0.031408578662549036
0.03137383420588607
0.03137699628280381
0.031312497995667536
0.03127648466724461
0.03131021079370531
0.03131243333978168
0.03124106536477299
0.031173328221854518
0.031125250509229756
0.031148649878421072
0.031102453247975496
0.031129121780395508
0.031100414567074533
0.031177520751953125
0.03108208058244091
0.031047776594000348
0.0309933504815829
0.03098512099961103
0.03100513401678053
0.0309865919210143
0.030965611086053363
0.030916650416487355
0.030868940434213413
0.03089906805652683
0.03087098921759654
0.030802864139362916
0.03085568395711608
0.030825255280834133
0.030834521277476164
0.03074601141072936
0.03074343325728077
0.030723115145149877
0.030741065235461218
0.030701655452534303
0.030752363851514912
0.030685131832704705
0.030631212864891958
0.030576144234608797
0.03056779756384381
0.0304875676914797
0.030493281655392404
0.030425160618151648
0.030403325113199525
0.030420099274586825
0.030414803553435763
0.030336769960694395
0.03031900777655133
0.03031360901008218
0.030224569773269913
0.030245035381640417
0.030182852583416436
0.030207947149115094
0.030188269534353482
0.03020807039939751
0.03011842299315889
0.030182789948027013
0.030118154267133292
0.03010213577141196
0.030102758084313345
0.030048800727068368
0.030038275961148535
0.030041510775937873
0.029931735184233067
0.02995496685222044
0.029943706625598972
0.02992396839594437
0.029912588960033352
0.029861288555597856
0.029822474819118695
0.029818538892067085
0.02980679778729455
0.029766610113240905
0.029747447725069726
0.029767943640886727
0.02978734040664414
0.029739094992815438
0.02967701928090241
0.029696886822328728
0.02968673988924188
0.029631673279455154
0.029653444128521417
0.029590028827473268
0.029628349562822762
0.02953209513324802
0.029574095192602127
0.029562810720023463
0.029532087051262288
0.02946330531168792
0.029476014234251894
0.029465731927904033
0.029444342952663616
0.029437604597059346
0.029407216330706063
0.029322131205413302
0.02934454255184885
0.02927947852571132
0.02928415597495386
0.0292581137964281
0.029231463448475985
0.02928460250466557
0.02922518374556202
0.029236013606443245
0.029218699972508318
0.029186293230218402
0.029133501699415303
0.029149400985847087
0.029104236829078804
0.029090685359502242
0.02905870090096684
0.029044500852035263
0.029003276663311456
0.02894714323140807
0.028961727174661927
0.028920723220049325
0.028921381901886502
0.028982720132601465
0.02889034707667464
0.02888923176264359
0.028894994218470686
0.02886570510217699
0.02886395131127309
0.02881058393898657
0.028773443173553983
0.028783394118486825
0.02874049089722714
0.028742846796068096
0.028685939514030843
0.028722617585780257
0.028690909935256182
0.028663303892491228
0.02858877788155766
0.02858827679844226
0.02858379331685729
0.028573814084974385
0.02852471602165093
0.028563190314729335
0.028593798815193822
0.028495588545071875
0.02849993665339583
0.02848004284551588
0.02840782424150887
0.0284125926130909
0.028450608253479004
0.02841179855799271
0.028386006921024647
0.028309777631598004
0.02827541908975375
0.028270537570371467
0.028190206673185704
0.028241424237267446
0.02829707477052333
0.028278603392132257
0.028224583399497856
0.028227834378258657
0.028167866044125314
0.028112205408387266
0.02810400421336546
0.02812101881382829
0.02813511581744178
0.028086136963407872
0.028095069578138447
0.028081122091261006
0.02806547536688336
0.028002763198593916
0.02801231610572944
0.027944465815010717
0.027952941797547422
0.02789569103111655
0.027925228668471514
0.02783708855257196
0.027876195261033916
0.02785156338901843
0.02780978356377553
0.027770337411912822
0.027768223972643835
0.02779329025139243
0.027773651026063047
0.027729002095885195
0.027734732223769366
0.02775145789324227
0.0276466527227628
0.027587042016498114
0.027683910676988506
0.027577771978863214
0.02764256929947158
0.027616820092928613
0.0276214147018174
0.02761955584509898
0.027564505399283717
0.027491417981810488
0.02751726821317511
0.027473425461074053
0.027513906107110492
0.027397923550363315
0.02741068702633098
0.02736967701022908
0.027371889453823284
0.027340173721313477
0.027339684761176677
0.02726034794823598
0.027244804269176418
0.027286028457900225
0.02717329283892098
0.027202169773942332
0.027179150258080435
0.027186525070061116
0.027162283153857214
0.027149418653067896
0.027074098587036133
0.027033266374620342
0.027067315780510335
0.027068857419288765
0.027026760376105876
0.0270092972254349
0.027041782767085704
0.026986194869219247
0.027003001358549474
0.026909284672494663
0.02685941073854091
0.026863803297786388
0.026829515473317293
0.026848132327451545
0.026821742623539296
0.026804210775989597
0.026786377874471374
0.026771781808238918
0.02674056715884451
0.026740799515934315
0.026742064346701414
0.026718915519067795
0.02669966827004643
0.026612730349524546
0.026651536004017977
0.026687157356132894
0.0266338283732786
0.02664580789663024
0.026597182629472117
0.02659637241040246
0.026609247013673943
0.02656078944771977
0.026575163259344586
0.026549446380744548
0.026497541847875564
0.026488766831866767
0.02643411038285595
0.0263904636189089
0.026389681686789304
0.026367296606807384
0.02635282581135378
0.02632349426463499
0.026315519365213685
0.026338185294199797
0.02633852877859342
0.02626677690926245
0.026240431656271726
0.026243314904681708
0.02619006876218117
0.02614978612479517
0.026196297952684307
0.026140576702053265
0.026144120652796858
0.026110396546832587
0.02609939494375455
0.026098619073124257
0.026037781925524695
0.02608699717764127
0.026070693791922877
0.02603866286196951
0.025999610706911248
0.02600241313546391
0.02595384242170948
0.025951415805493372
0.02592561204554671
0.025913109213618907
0.025893944804951295
0.02585623021853172
0.025868763357906017
0.025847483489472987
0.025784450062250688
0.025765707937337585
0.025722721875724146
0.025748677172903287
0.025743373369766495
0.02573484485432253
0.025688684592812747
0.025627406976990782
0.025747953835180252
0.025614659664994578
0.025650727546821208
0.02558750621343063
0.02556596772145417
0.02558515233508611
0.025569311643050888
0.025534221681497864
0.02552362619820288
0.025490880012512207
0.025501958394454696
0.025452092542486676
0.025445814860069145
0.025425595752263472
0.0254011295609555
0.02543853905241368
0.025424573381068342
0.02537193742849059
0.025367605484138103
0.025322619131055928
0.025289327411328333
0.025336564597436936
0.025244692624625514
0.025252162399938553
0.0252347982535928
0.025171690068002475
0.0251772464331934
0.025125499499046196
0.025140778493073026
0.025082531621900654
0.025097554012880486
0.02510342557551497
0.025092888686616542
0.025051618026474775
0.025042107549764343
0.025020649877645202
0.02504748207027629
0.024927688857256356
0.024966250031681386
0.02489679748729124
0.0249994083986444
0.024900383868459927
0.024836497791742875
0.024842064259415965
0.024845618312641725
0.024870221897707146
0.02484303611820027
0.024834499520770575
0.024798641770572987
0.024751038874609995
0.02474718376741571
0.024702169127383475
0.024730015609223964
0.024677159422535008
0.02465123443280236
0.02462254136295642
0.02465973870228913
0.02464974936792406
0.024654315689862785
0.024577205463991326
0.02454356419838081
0.024562690217616194
0.024504576699208407
0.024472109342025497
0.0244418362439689
0.024438417564004153
0.024417953976130082
0.02441079737776417
0.02440548347214521
0.024413933188228282
0.024394415192684885
0.02439042875322245
0.02447993876570362
0.024333472979270805
0.02433487520379535
0.024335812714140294
0.024267711881863867
0.024259183366419905
0.02423397767341743
0.024228182889647402
0.024203674267914334
0.02421071973897643
0.024239261271589894
0.024193442473977297
0.024181935746791
0.024219947346186235
0.0241359027765565
0.024175847991038175
0.02408520245956162
0.024142907837689933
0.024083824480994272
0.024074212979462186
0.024001339734610865
0.024007506289724576
0.02403548006284035
0.02399047754578671
0.02397271940263651
0.02395910731816696
0.02397243451263945
0.02391784271951449
0.02395194667880818
0.02388833336910959
0.023847646632436978
0.023769548383809753
0.023838176565655206
0.023762684757426634
0.02379655635963052
0.023756340398626813
0.02370273056676832
0.023812821355916686
0.023713968567929025
0.02373964301610397
0.02366258936413264
0.02364155599626444
0.02363410238492287
0.023634324639530507
0.023600426770872988
0.02362147428221622
0.023572228722653146
0.023614669250229658
0.02357245703875008
0.02348937018442962
0.02351557602316646
0.023486680903677212
0.02343001608121193
0.023429234149092336
0.023391497337211995
0.023402436304900607
0.02337287846258131
