0.140666663646698
0.20018333196640015
0.27309998869895935
0.41579997539520264
0.5222333073616028
0.5717333555221558
0.6220833659172058
0.6592333316802979
0.6887500286102295
0.7150833010673523
0.7353166341781616
0.746483325958252
0.7571666240692139
0.7757499814033508
0.7832499742507935
0.7954000234603882
0.8037833571434021
0.8108833432197571
0.8177833557128906
0.8226333260536194
0.828249990940094
0.8323500156402588
0.8375332951545715
0.8405333161354065
0.8429166674613953
0.846750020980835
0.850600004196167
0.8533999919891357
0.8571667075157166
0.8586833477020264
0.8624000549316406
0.8659999966621399
0.8686333298683167
0.8701500296592712
0.8714166879653931
0.8726666569709778
0.8750332593917847
0.8767833709716797
0.8790500164031982
0.8804333209991455
0.8816167116165161
0.8850666284561157
0.8878666162490845
0.8899166584014893
0.8918333649635315
0.8941500186920166
0.8973999619483948
0.8980666399002075
0.899233341217041
0.9011332988739014
0.9016333222389221
0.9030666351318359
0.9046499729156494
0.9062333703041077
0.9076166749000549
0.9083666801452637
0.9096666574478149
0.910433292388916
0.9116333723068237
0.9124666452407837
0.9138833284378052
0.9147666692733765
0.9156500101089478
0.916450023651123
0.916533350944519
0.9174000024795532
0.9186166524887085
0.9197166562080383
0.9207666516304016
0.9213500022888184
0.9228000044822693
0.9237833023071289
0.9242833852767944
0.9252833724021912
0.9256333708763123
0.9266166687011719
0.9271667003631592
0.9280333518981934
0.9281499981880188
0.9289833307266235
0.9292833805084229
0.9300000071525574
0.9303333759307861
0.9314500093460083
0.9312499761581421
0.9321333169937134
0.9328166246414185
0.9332000017166138
0.9337500333786011
0.9344666600227356
0.9345000386238098
0.9350166916847229
0.9356499910354614
0.9363000392913818
0.9366999864578247
0.9367333650588989
0.9373999834060669
0.9380999803543091
0.9386999607086182
0.9391167163848877
0.9394166469573975
0.9401167035102844
0.9401999711990356
0.9410499930381775
0.9415332674980164
0.9418166875839233
0.9426666498184204
0.9431333541870117
0.9434000253677368
0.9432333707809448
0.9440667033195496
0.9439333081245422
0.9440666437149048
0.944683313369751
0.9449833631515503
0.9449333548545837
0.9456333518028259
0.9456999897956848
0.9461666941642761
0.9464999437332153
0.9466667175292969
0.9473333358764648
0.9475500583648682
0.9475833177566528
0.9480833411216736
0.948533296585083
0.9487666487693787
0.9492666721343994
0.949316680431366
0.9495332837104797
0.9499666690826416
0.9499333500862122
0.9500666856765747
0.9508333802223206
0.9509333372116089
0.951033353805542
0.9511666297912598
0.9511500000953674
0.9517167210578918
0.9517833590507507
0.9518333077430725
0.9520166516304016
0.9523666501045227
0.9526333212852478
0.9528332948684692
0.9532333612442017
0.9534833431243896
0.9536666870117188
0.9537833333015442
0.9538000226020813
0.9541667103767395
0.9544000029563904
0.9547333717346191
0.9550833106040955
0.9547000527381897
0.9549332857131958
0.9555333256721497
0.9557166695594788
0.9559666514396667
0.9562000036239624
0.9567333459854126
0.9565500020980835
0.9567500352859497
0.9567833542823792
0.9567999839782715
0.956933319568634
0.9571999311447144
0.9575666189193726
0.9577333927154541
0.9580499529838562
0.9578500390052795
0.957966685295105
0.9585166573524475
0.9584667086601257
0.958466649055481
0.9585000276565552
0.9588333368301392
0.958549976348877
0.9589332938194275
0.9592499732971191
0.959316611289978
0.9594333171844482
0.9595166444778442
0.9599499702453613
0.9600499868392944
0.9598166942596436
0.9597333669662476
0.9605333209037781
0.9602833390235901
0.9605500102043152
0.9605833292007446
0.9608333110809326
0.9611166715621948
0.9615333676338196
0.9617667198181152
0.9616333246231079
0.9616667032241821
0.961650013923645
0.962149977684021
0.9623500108718872
0.9625333547592163
0.9625166654586792
0.9629333019256592
0.9628000259399414
0.9627499580383301
0.9632666707038879
0.9634666442871094
0.9635666608810425
0.9637166857719421
0.9637500047683716
0.9640666842460632
0.9640499949455261
0.9642666578292847
0.964483380317688
0.9646332859992981
0.9648000001907349
0.9645833373069763
0.9647833108901978
0.9652166366577148
0.9653500318527222
0.9653833508491516
0.9653500318527222
0.9651833772659302
0.9654666185379028
0.9657166004180908
0.965666651725769
0.9658000469207764
0.9657999873161316
0.9658499956130981
0.9663500189781189
0.966450035572052
0.966166615486145
0.9660999774932861
0.9665999412536621
0.9668333530426025
0.9669333696365356
0.96670001745224
0.9670833349227905
0.96711665391922
0.967566728591919
0.967366635799408
0.9672333598136902
0.9672499895095825
0.9675833582878113
0.9677166938781738
0.9674833416938782
0.9678666591644287
0.9678167104721069
0.967883288860321
0.9678833484649658
0.9685499668121338
0.9683166742324829
0.9684500098228455
0.9683499932289124
0.9686999917030334
0.9685166478157043
0.9688166379928589
0.9688500165939331
0.9691833853721619
0.969083309173584
0.96916663646698
0.9692166447639465
0.9694666266441345
0.9696333408355713
0.9695666432380676
0.9696999788284302
0.9698166251182556
0.9702833294868469
0.9701499342918396
0.9700166583061218
0.9701166152954102
0.9704332947731018
0.9704666137695312
0.9705500602722168
0.9708166718482971
0.9708000421524048
0.970966637134552
0.9708666801452637
0.9709666967391968
0.9709333777427673
0.9707000255584717
0.9714166522026062
0.971166729927063
0.9711167216300964
0.9714000225067139
0.9714166522026062
0.9716166257858276
0.9714833498001099
0.9716333150863647
0.9717166423797607
0.9717833399772644
0.9718666672706604
0.9717833399772644
0.9720166921615601
0.9720666408538818
0.9721333384513855
0.972266674041748
0.9721332788467407
0.9724000096321106
0.97243332862854
0.9725666046142578
0.9728500247001648
0.9729167222976685
0.9728833436965942
0.9729833602905273
0.9730833768844604
0.973216712474823
0.9730333089828491
0.9730333089828491
0.973300039768219
0.9733499884605408
0.973216712474823
0.9730666875839233
0.9734333753585815
0.9735832810401917
0.9733833074569702
0.9733666777610779
0.9738666415214539
0.9739833474159241
0.9737666249275208
0.9742166996002197
0.9740999937057495
0.9740833640098572
0.9743500351905823
0.9745333194732666
0.9742833375930786
0.974566638469696
0.9745333194732666
0.9746332764625549
0.9747000932693481
0.9749166369438171
0.9750666618347168
0.9750499725341797
0.9750666618347168
0.9753167033195496
0.9753666520118713
0.9753166437149048
0.9754166603088379
0.9754166603088379
0.9755833148956299
0.9757500290870667
0.9757499694824219
0.9759166836738586
0.9761000275611877
0.9763166904449463
0.9760665893554688
0.9759500026702881
0.9759166836738586
0.9758999943733215
0.9760833382606506
0.9761000275611877
0.9761000275611877
0.9762499928474426
0.9763000011444092
0.9758999943733215
0.9761499762535095
0.9762166738510132
0.9764333367347717
0.9763000011444092
0.9763333201408386
0.9765333533287048
0.9763666987419128
0.9765833616256714
0.9762833118438721
0.976516604423523
0.9766833186149597
0.9765499830245972
0.9767333269119263
0.9768500328063965
0.9767166376113892
0.976983368396759
0.9766499996185303
0.9767833352088928
0.9769499897956848
0.9769499897956848
0.9768666625022888
0.9772166609764099
0.9774166345596313
0.977233350276947
0.9771999716758728
0.9771833419799805
0.977150022983551
0.977400004863739
0.9772999882698059
0.9774999618530273
0.9772833585739136
0.977483332157135
0.9772832989692688
0.9775832891464233
0.9775499701499939
0.9772166013717651
0.9773166179656982
0.9775166511535645
0.9776166677474976
0.9778333306312561
0.9780000448226929
0.9780333042144775
0.9780000448226929
0.9781500101089478
0.9781333804130554
0.9780166745185852
0.9781999588012695
0.9783167243003845
0.9781999588012695
0.9784666299819946
0.9788333177566528
0.9785000085830688
0.9787166714668274
0.9788166284561157
0.9785666465759277
0.978950023651123
0.9786333441734314
0.9786166548728943
0.978783369064331
0.9787333011627197
0.9789000153541565
0.9789833426475525
0.9788000583648682
0.979200005531311
0.9791499972343445
0.9792500138282776
0.9791666865348816
0.9792333245277405
0.979033350944519
0.9793500304222107
0.9792166352272034
0.9794833660125732
0.979283332824707
0.9796000123023987
0.9793332815170288
0.9795500040054321
0.9796666502952576
0.9794999361038208
0.9795500040054321
0.979200005531311
0.9795833826065063
0.9794999957084656
0.9796333312988281
0.9797499775886536
0.9798333644866943
0.9797166585922241
0.9799166917800903
0.9800666570663452
0.9800166487693787
0.9798166751861572
0.9799166917800903
0.9799333214759827
0.9800167083740234
0.9801000356674194
0.980150043964386
0.9802166819572449
0.9802000522613525
0.9801999926567078
0.980283260345459
0.9800666570663452
0.9801833629608154
0.9803499579429626
0.9802999496459961
0.9803667068481445
0.9804499745368958
0.980566680431366
0.9804166555404663
0.98048335313797
0.9805999994277954
0.9805333614349365
0.9806333780288696
0.9805499911308289
0.980733335018158
0.9807832837104797
0.9810000061988831
0.9810166358947754
0.9810666441917419
0.9808833599090576
0.9809833765029907
0.9810166358947754
0.9812833666801453
0.9810667037963867
0.9810166954994202
0.9810666441917419
0.9811333417892456
0.9811500310897827
0.9810999631881714
0.9810667037963867
0.9811499714851379
0.9814666509628296
0.9813666343688965
0.9813500046730042
0.9814333319664001
0.9815333485603333
0.9814333915710449
0.9816166758537292
0.9815499782562256
0.9813833236694336
0.9816000461578369
0.9816000461578369
0.9815500378608704
0.9818500280380249
0.9819166660308838
0.9817500114440918
0.9819333553314209
0.981833279132843
0.9819666743278503
0.9818166494369507
0.9817500114440918
0.9820666313171387
0.9818833470344543
0.9820333123207092
0.9817999601364136
0.9818500280380249
0.9821166396141052
0.981833279132843
0.9821666479110718
0.9821000099182129
0.9821833372116089
0.9822333455085754
0.9822499752044678
0.9825666546821594
0.9823333024978638
0.9825166463851929
0.9825500249862671
0.9824499487876892
0.9824166893959045
0.982616662979126
0.9824666976928711
0.982616662979126
0.9826333522796631
0.982616662979126
0.9828500151634216
0.9829666614532471
0.9828833341598511
0.9829333424568176
0.9830166697502136
0.9829000234603882
0.98294997215271
0.9829999804496765
0.9829833507537842
0.9831666350364685
0.9831833243370056
0.9830666780471802
0.9830666184425354
0.9830500483512878
0.9833000302314758
0.9833667278289795
0.9833666682243347
0.9830833077430725
0.9831167459487915
0.9832500219345093
0.9831500053405762
0.9833332896232605
0.9835833311080933
0.9832000732421875
0.9833999872207642
0.9833666682243347
0.9834499955177307
0.9837499856948853
0.9837499856948853
0.9838999509811401
0.9835166335105896
0.9837000370025635
0.983633279800415
0.9837167263031006
0.983549952507019
0.9837334156036377
0.9838666915893555
0.9835999608039856
0.9836832880973816
0.9839166402816772
0.9838666915893555
0.9838833212852478
0.9837666749954224
0.9838333129882812
0.9839000105857849
0.9840999841690063
0.9837833046913147
0.9837833046913147
0.9839833974838257
0.9839500188827515
0.9839833378791809
0.9839332699775696
0.9838500022888184
0.9839999675750732
0.9840166568756104
0.9841499924659729
0.9840666055679321
0.9841499924659729
0.9841166734695435
0.9842000007629395
0.984250009059906
0.9840500354766846
0.9842833280563354
0.9843167066574097
0.9843000173568726
0.9844666719436646
0.9843166470527649
0.9844000339508057
0.9845666885375977
0.984499990940094
0.9844499826431274
0.9844333529472351
0.9847667217254639
0.9844833612442017
0.9844833612442017
0.9846000075340271
0.9846667051315308
0.9847333431243896
0.9846500158309937
0.9847666621208191
0.9847166538238525
0.9848833084106445
0.9849166870117188
0.9849666953086853
0.9849166870117188
0.9850833415985107
0.9851999878883362
0.9849499464035034
0.9849833846092224
0.9851000308990479
0.9851666688919067
0.9852999448776245
0.985333263874054
0.9855166077613831
0.9853500127792358
0.9852333664894104
0.9852999448776245
0.9851833581924438
0.9852333068847656
0.9855499863624573
0.9855000376701355
0.9854333400726318
0.9854166507720947
0.9854000210762024
0.9853665828704834
0.9856666326522827
0.9854166507720947
0.9855833649635315
0.9856166839599609
0.9856500029563904
0.9857666492462158
0.9855333566665649
0.985716700553894
0.9858666658401489
0.9857166409492493
0.9858999848365784
0.9857666492462158
0.9858334064483643
0.9857833385467529
0.985883355140686
0.9858499765396118
0.9858333468437195
0.9859000444412231
0.9858499765396118
0.9860666394233704
0.9861167073249817
0.9861833453178406
0.986133337020874
0.9861833453178406
0.9860833287239075
0.986383318901062
0.9862833023071289
0.9863333702087402
0.9860166907310486
0.986299991607666
0.98621666431427
0.98621666431427
0.9862833619117737
0.9861832857131958
0.9861000180244446
0.9862666130065918
0.9860833883285522
0.9859833717346191
0.9861166477203369
0.9862333536148071
0.9862166047096252
0.9862666130065918
0.9862833619117737
0.9862666726112366
0.9863666296005249
0.9865332841873169
0.98621666431427
0.9864333868026733
0.9866666793823242
0.9865166544914246
0.9866499900817871
0.9866833090782166
0.9867333173751831
0.9866166710853577
0.9865166544914246
0.9865333437919617
0.9866833090782166
0.9865000247955322
0.986549973487854
0.9866666793823242
0.9867833256721497
0.9868999719619751
0.9866167306900024
0.9866999983787537
0.9868166446685791
0.9869500398635864
0.9868666529655457
0.9869833588600159
0.9868833422660828
0.9868999719619751
0.9869999885559082
0.9869999885559082
0.9870499968528748
0.9868333339691162
0.9866499900817871
0.9868167042732239
0.9869500398635864
0.9869166612625122
0.9869333505630493
0.9868999719619751
0.9870666265487671
0.9871333241462708
0.9870833158493042
0.9870499968528748
0.9871666431427002
0.9870666265487671
0.9871666431427002
0.9873666167259216
0.9872167110443115
0.987250030040741
0.987250030040741
0.9874333143234253
0.9873499870300293
0.9873999953269958
0.9874833226203918
0.9876500368118286
0.9875999689102173
0.9876166582107544
0.9874833226203918
0.9875667095184326
0.9875500202178955
0.9878666996955872
0.9875500202178955
0.9876166582107544
0.9875667095184326
0.9877166748046875
0.9877833127975464
0.987583339214325
0.9875666499137878
0.9877499938011169
0.9876166582107544
0.987666666507721
0.9877333641052246
0.9876000881195068
0.9876332879066467
0.98785001039505
0.9875333309173584
0.9879333972930908
0.987933337688446
0.9877833127975464
0.9880332946777344
0.9881666898727417
0.98785001039505
0.9879000186920166
0.9879500269889832
0.9880332946777344
0.9880499839782715
0.9881500005722046
0.988183319568634
0.9879667162895203
0.9880499839782715
0.9879666566848755
0.988183319568634
0.9881666898727417
0.9883166551589966
0.9881499409675598
0.9882833361625671
0.9882500171661377
0.9881166815757751
0.9881166219711304
0.9882166981697083
0.9882000088691711
0.98826664686203
0.988300085067749
0.988183319568634
0.9885500073432922
0.9885166883468628
0.9885333776473999
0.9884833097457886
0.9883333444595337
0.9883999824523926
0.9884333610534668
0.9885332584381104
0.9885166883468628
0.9885833263397217
0.9884999990463257
0.9885833263397217
0.9884833097457886
0.9886333346366882
0.988633394241333
0.9884666800498962
0.9886667132377625
0.9887166619300842
0.9886000156402588
0.9884166717529297
0.9886667132377625
0.9887000322341919
0.9887666702270508
0.988800048828125
0.9887666702270508
0.9888999462127686
0.9888666868209839
0.9887833595275879
0.988716721534729
0.9888833165168762
0.9889833331108093
0.9889666438102722
0.9889333248138428
0.9888666868209839
0.9890833497047424
0.9888333082199097
0.9889833331108093
0.988966703414917
0.9889500141143799
0.9890166521072388
0.9890832901000977
0.9890666604042053
0.9890666604042053
0.9892166256904602
0.9892666935920715
0.9892666935920715
0.9892499446868896
0.989133358001709
0.9893166422843933
0.9892999529838562
0.9891666769981384
0.9891999959945679
0.9891166687011719
0.9890999794006348
0.989133358001709
0.989300012588501
0.9891666173934937
0.9892832636833191
0.9891499876976013
0.9891166687011719
0.9890166521072388
0.9890666604042053
0.9891166687011719
0.9891166687011719
0.9892833232879639
0.9892833232879639
0.9894332885742188
0.9894499778747559
0.989300012588501
0.9894166588783264
0.9894000291824341
0.9894999861717224
0.989549994468689
0.9894999861717224
0.9897333383560181
0.9895666837692261
0.9896166920661926
0.9895833730697632
0.989716649055481
0.9896667003631592
0.9896833896636963
0.9897333383560181
0.9896500110626221
0.9898166656494141
0.9898333549499512
0.989799976348877
0.9897333383560181
0.9895999431610107
0.9897832870483398
0.9897333383560181
0.9898833632469177
0.9898166656494141
0.9899333715438843
0.9897500276565552
0.9896666407585144
0.989633321762085
0.9896833300590515
0.9896499514579773
0.9898333549499512
0.9897832870483398
0.9898999929428101
0.9898667335510254
0.9898166656494141
0.9898667335510254
0.9899166822433472
0.9899166822433472
0.9899166822433472
0.9897499680519104
0.9899500012397766
0.9898499846458435
0.9898833632469177
0.9898999929428101
0.9900166988372803
0.9900500178337097
0.9898666739463806
0.989983320236206
0.9900833368301392
0.9901833534240723
0.9902499914169312
0.9901999831199646
0.9902166724205017
0.9901332855224609
0.9900833368301392
0.9902166128158569
0.9900667071342468
0.9901334047317505
0.9900166988372803
0.989966630935669
0.9900499582290649
0.9901999831199646
0.9901832938194275
0.9901166558265686
0.990233302116394
0.9901333451271057
0.9900999665260315
0.9902166724205017
0.9901833534240723
0.9902499914169312
0.9902333617210388
0.9903166890144348
0.9904000163078308
0.9903666973114014
0.9902833104133606
0.9903333783149719
0.9904834032058716
0.9901666641235352
0.9903166890144348
0.9903500080108643
0.9904167056083679
0.9904000163078308
0.9903500080108643
0.9904500246047974
0.9902666807174683
0.9905166625976562
0.9904333353042603
0.9904666543006897
0.9905332922935486
0.9905833005905151
0.9907000064849854
0.9906166791915894
0.9905666708946228
0.9904666543006897
0.9906166195869446
0.9905999898910522
0.9907166361808777
0.9907166957855225
0.9906999468803406
0.9904667139053345
0.9906166791915894
0.9906666278839111
0.9905833005905151
0.9906499981880188
0.9907500147819519
0.9908332824707031
0.9908000230789185
0.9907999634742737
0.9908166527748108
0.9907999634742737
0.9908832907676697
0.9909166097640991
0.9909499883651733
0.9910666346549988
0.9911166429519653
0.9910000562667847
0.9910833835601807
0.9910333752632141
0.9910500049591064
0.991016685962677
0.9909500479698181
0.9910333156585693
0.9911499619483948
0.991100013256073
0.9910000562667847
0.9911333322525024
0.9911333322525024
0.9912166595458984
0.9911333322525024
0.9910833239555359
0.9911666512489319
0.991183340549469
0.9911166429519653
0.9912832975387573
0.9911999702453613
0.9910833239555359
0.9912333488464355
0.9912832975387573
0.9911333322525024
0.9911166429519653
0.9912333488464355
0.9913666248321533
0.9913833141326904
0.9912500381469727
0.9913833141326904
0.991349995136261
0.9912333488464355
0.9915167093276978
0.9914000034332275
0.9914666414260864
0.9913166165351868
0.9914333820343018
0.9912832975387573
0.9913833737373352
0.9914000034332275
0.9913833141326904
0.9914000034332275
0.9914833307266235
0.9914333820343018
0.9915333390235901
0.9914166927337646
0.9916000366210938
0.9915333390235901
0.9914000034332275
0.9915333390235901
0.9915167093276978
0.9916333556175232
0.9915666580200195
0.9915833473205566
0.9915833473205566
0.9916166663169861
0.9916833639144897
0.9917500019073486
0.9917166233062744
0.9918000102043152
0.991683304309845
0.9918500185012817
0.991766631603241
0.9918000102043152
0.9918333292007446
0.9918333292007446
0.9919000267982483
0.9918166995048523
0.9919999837875366
0.9919000267982483
0.9918666481971741
0.9918333292007446
0.9917833805084229
0.991933286190033
0.9918832778930664
0.9918832778930664
0.9918666481971741
0.9920666813850403
0.9918667078018188
0.9918333292007446
0.9919166564941406
0.9919333457946777
0.9920833110809326
0.9919999837875366
0.9921666979789734
0.9922166466712952
0.9920666217803955
0.9920833110809326
0.9920333623886108
0.9919832944869995
0.9918999671936035
0.9921166896820068
0.9921000003814697
0.9920333027839661
0.9921666383743286
0.9921000003814697
0.9921666383743286
0.992150068283081
0.9921000003814697
0.992150068283081
0.9920333623886108
0.9920833110809326
0.9923333525657654
0.9921833276748657
0.9922000169754028
0.9923000335693359
0.9921000003814697
0.9920166730880737
0.9921166896820068
0.9921000003814697
0.9923000335693359
0.992133378982544
0.992233395576477
0.9921333193778992
0.9922500252723694
0.9922167062759399
0.9922667145729065
0.9922000169754028
0.9923332929611206
0.9923333525657654
0.9923499822616577
0.9924333095550537
0.9923000335693359
0.9923500418663025
0.9923334121704102
0.9922499656677246
0.9923166632652283
0.9923333525657654
0.9923666715621948
0.9924833178520203
0.9923833608627319
0.9925333261489868
0.9923333525657654
0.9922500252723694
0.9924166798591614
0.9923666715621948
0.9924833178520203
0.992400050163269
0.9923499822616577
0.9924666881561279
0.9924833178520203
0.9925500154495239
0.9926000237464905
0.992483377456665
0.9925333857536316
0.992566704750061
0.992483377456665
0.9924833178520203
0.9925500750541687
0.9926333427429199
0.9926166534423828
0.9926000833511353
0.9925333261489868
0.9926333427429199
0.9927166700363159
0.9927166700363159
0.9926666617393494
0.9926333427429199
0.9925666451454163
0.9926999807357788
0.9926666617393494
0.9928666353225708
0.9927999973297119
0.9926333427429199
0.9929167032241821
0.9927999973297119
0.9926333427429199
0.9926666617393494
0.9926666617393494
0.992816686630249
0.9928833246231079
0.9927833676338196
0.9928333163261414
0.9928666949272156
0.9927500486373901
0.9927999973297119
0.9928499460220337
0.9929666519165039
0.9929667115211487
0.9928833246231079
0.9928833246231079
0.992816686630249
0.9927833080291748
0.9928333163261414
0.9928332567214966
0.9928499460220337
0.9929167032241821
0.9929333329200745
0.9927833080291748
0.9928499460220337
0.9929500222206116
0.9929832816123962
0.9929499626159668
0.9928833246231079
0.992900013923645
0.9930999875068665
0.9930499792098999
0.9930832982063293
0.9930166602134705
0.9929166436195374
0.9930999875068665
0.9931333065032959
0.9931166768074036
0.9930166602134705
0.9932166934013367
0.9929332733154297
0.9931999444961548
0.993066668510437
0.9930999875068665
0.9930833578109741
0.9931167364120483
0.9930333495140076
0.9930499792098999
0.9931333065032959
0.9931666851043701
0.993149995803833
0.9930499792098999
0.9931166768074036
0.9931833744049072
0.993149995803833
0.9933666586875916
0.9930999875068665
0.9932832717895508
0.9932166934013367
0.9931833148002625
0.9933333396911621
0.9931666851043701
0.9932667016983032
0.9932166337966919
0.993316650390625
0.993233323097229
0.9933499693870544
0.9932999610900879
0.9933000206947327
0.9933333396911621
0.9933167099952698
0.993316650390625
0.9932500123977661
0.9933500289916992
0.9933666586875916
0.9934166669845581
0.9933832883834839
0.9934333562850952
0.9934499859809875
0.9934333562850952
0.9934666752815247
0.9934332966804504
0.9935166835784912
0.993483304977417
0.9933667182922363
0.9934999942779541
0.9934666156768799
0.9934332966804504
0.9933500289916992
0.9934667348861694
0.993399977684021
0.9935500025749207
0.9934666752815247
0.993483304977417
0.9934667348861694
0.9936000108718872
0.9934332966804504
0.993566632270813
0.9935500621795654
0.9936999678611755
0.9936167001724243
0.9934666752815247
0.9935500025749207
0.9936333298683167
0.9935999512672424
0.9935500025749207
0.9934833645820618
0.9935333132743835
0.9935500025749207
0.9936332702636719
0.993483304977417
0.9934333562850952
0.9936332702636719
0.9935499429702759
0.9935333132743835
0.9936167001724243
0.9936166405677795
0.9936833381652832
0.9936666488647461
0.9937333464622498
0.9937833547592163
0.993649959564209
0.9936500191688538
0.9938666820526123
0.9937334060668945
0.9937832951545715
0.9937165975570679
0.9938333630561829
0.9938499927520752
0.9937666654586792
0.993733286857605
0.9936333298683167
0.9938166737556458
0.9936833381652832
0.9937666654586792
0.9938833117485046
0.9938833117485046
0.9938833117485046
0.9937500357627869
0.9937333464622498
0.9939833283424377
0.9937666654586792
0.993816614151001
0.9938833713531494
0.9939499497413635
0.9939999580383301
0.9939166903495789
0.9938499927520752
0.9938833117485046
0.9938333034515381
0.9938333034515381
0.9940666556358337
0.9941167235374451
0.9939000010490417
0.9939833283424377
0.9940833449363708
0.9940000176429749
0.9937499761581421
0.9940333366394043
0.9940000176429749
0.9941666722297668
0.9940333366394043
0.994016706943512
0.9939999580383301
0.9940166473388672
0.9940000176429749
0.9940333366394043
0.9940832853317261
0.9940000176429749
0.9941500425338745
0.9939833879470825
0.9939500093460083
0.9940833449363708
0.9941333532333374
0.9942333698272705
0.9941833019256592
0.9942166805267334
0.9941333532333374
0.9942833185195923
0.9940999746322632
0.9941500425338745
0.9940999746322632
0.9941666126251221
0.9941999912261963
0.9941333532333374
0.9941166639328003
0.994183361530304
0.9942000508308411
0.9941833019256592
0.9941166043281555
0.9942166805267334
0.9943833351135254
0.9940999746322632
0.9941999912261963
0.9943166971206665
0.9941666722297668
0.994100034236908
0.9942500591278076
0.9942666888237
0.9941332936286926
0.9942000508308411
0.994100034236908
0.994350016117096
0.9941667318344116
0.9944167137145996
0.9943000078201294
0.9942500591278076
0.9943833947181702
0.9941499829292297
0.9942833185195923
0.9942166805267334
0.9941999912261963
0.9942166805267334
0.9943833351135254
0.9943667054176331
0.9943000078201294
0.9941666126251221
0.9943666458129883
0.9942666888237
0.9943333268165588
0.9943666458129883
0.9944000244140625
0.9944000244140625
0.9943667054176331
0.994350016117096
0.9942499995231628
0.9943000078201294
0.9944167137145996
0.9943666458129883
0.9943833351135254
0.9944167137145996
0.9944000840187073
0.9943333268165588
0.994450032711029
0.9944166541099548
0.9945000410079956
0.9945000410079956
0.994350016117096
0.9944333434104919
0.9945499897003174
0.9944999814033508
0.9944000244140625
0.9944499731063843
0.9943667054176331
0.994616687297821
0.9945666790008545
0.9945499897003174
0.9945833086967468
0.9945499897003174
0.9947667121887207
0.9945666790008545
0.9946167469024658
0.9946000576019287
0.9945999979972839
0.9946333765983582
0.9946166276931763
0.9947166442871094
0.9946166276931763
0.9947333335876465
0.9946500062942505
0.994616687297821
0.9947166442871094
0.994783341884613
0.9947166442871094
0.9946500062942505
0.9947666525840759
0.9946500062942505
0.9947333335876465
0.994783341884613
0.9946500062942505
0.9947667121887207
0.9947999715805054
0.9946666359901428
0.9947666525840759
0.9948832988739014
0.9947999715805054
0.9947166442871094
0.9947999715805054
0.9947999715805054
0.9947667121887207
0.9948832988739014
0.9949500560760498
0.9947666525840759
0.9948166608810425
0.994949996471405
0.9948166608810425
0.9950000047683716
0.994949996471405
0.9949333667755127
0.9949333071708679
0.9950000047683716
0.9949333071708679
0.9949166774749756
0.9950166344642639
0.9950833320617676
0.9950166344642639
0.9948832988739014
0.9950000047683716
0.9950500130653381
0.9949666261672974
0.9951666593551636
0.9950166940689087
0.9950833320617676
0.995199978351593
0.9948832988739014
0.9948667287826538
0.9950166940689087
0.9949666261672974
0.9950000047683716
0.9949666857719421
0.9951000213623047
0.9951832890510559
0.995033323764801
0.9950333833694458
0.9948999881744385
0.995033323764801
0.9951499700546265
0.9950499534606934
0.9950999617576599
0.9952500462532043
0.9950500130653381
0.9951165914535522
0.9950332641601562
0.995116651058197
0.9951500296592712
0.9951666593551636
0.9951167106628418
0.9951333403587341
0.9952000379562378
0.9952000379562378
0.9951333403587341
0.9952166676521301
0.995116651058197
0.9951499700546265
0.9951833486557007
0.9952166676521301
0.9950999617576599
0.9952166676521301
0.9952000379562378
0.9952666759490967
0.9952833652496338
0.995199978351593
0.9952332973480225
0.9952166676521301
0.9952666759490967
0.9953166842460632
0.9952999949455261
0.9952833652496338
0.9952833652496338
0.9952999949455261
0.9952666759490967
0.995283305644989
0.9953500032424927
0.9953833222389221
0.9954166412353516
0.9953333139419556
0.9953166842460632
0.9954333305358887
0.9954000115394592
0.9952999949455261
0.9952999949455261
0.9952999949455261
0.9952833652496338
0.9953500032424927
0.9953333139419556
0.9953833222389221
0.9953333139419556
0.9954333305358887
0.9953333735466003
0.9954333305358887
0.9953833222389221
0.9952999949455261
0.9953166246414185
0.9954833388328552
0.9953833818435669
0.9953999519348145
0.9953500032424927
0.9953833818435669
0.9954833388328552
0.9953666925430298
0.9954000115394592
0.995449960231781
0.9953999519348145
0.9953833818435669
0.9954333305358887
0.9954000115394592
0.9953999519348145
0.9954999685287476
0.9954000115394592
0.9954500198364258
0.9954665899276733
0.995533287525177
0.9954666495323181
0.9955832958221436
0.9954500198364258
0.9954166412353516
0.9955666661262512
0.9954833388328552
0.9954500198364258
0.9953666925430298
0.9954500198364258
0.995449960231781
0.9955333471298218
0.9955999851226807
0.9955500364303589
0.9954999685287476
0.9955666661262512
0.9955666065216064
0.9955500364303589
0.9954833984375
0.9955999851226807
0.9955666661262512
0.9956166744232178
0.9956666231155396
0.9957166314125061
0.995733380317688
0.9956499338150024
0.9957666993141174
0.9956833124160767
0.9957000017166138
0.9956833124160767
0.995650053024292
0.9956499934196472
0.9957166910171509
0.9957500100135803
0.9957166314125061
0.995733380317688
0.9957500100135803
0.9957833290100098
0.9956833124160767
0.995816707611084
0.9957833290100098
0.9957166314125061
0.9956833720207214
0.995733380317688
0.9957833886146545
0.9958000183105469
0.99590003490448
0.9958166480064392
0.9957500100135803
0.9957666397094727
0.9958500266075134
0.995816707611084
0.9958166480064392
0.9958666563034058
0.9958166480064392
0.9958666563034058
0.99590003490448
0.9958166480064392
0.9958000183105469
0.9957666993141174
0.9958667159080505
0.9958500266075134
0.9958833456039429
0.9958833456039429
0.9959167242050171
0.9958667159080505
0.9959499835968018
0.9959166646003723
0.9958500266075134
0.9959333539009094
0.9959666728973389
0.9960166811943054
0.9960500001907349
0.9958500266075134
0.9960166215896606
0.9959666728973389
0.9958833456039429
0.9959332942962646
0.9958667159080505
0.9959499835968018
0.9959666728973389
0.9960333108901978
0.9959500432014465
0.9958333969116211
0.9959166646003723
0.9959333539009094
0.9959999918937683
0.9959666728973389
0.9959333539009094
0.9959333539009094
0.9960166811943054
0.995983362197876
0.9958500266075134
0.9959166646003723
0.9959833025932312
0.9960333108901978
0.9959999918937683
0.9960833191871643
0.9960500001907349
0.9959666728973389
0.996066689491272
0.9961000084877014
0.9961000680923462
0.9961000084877014
0.996066689491272
0.9960500001907349
0.9959332942962646
0.996066689491272
0.9961166381835938
0.9961333274841309
0.9961499571800232
0.9961333274841309
0.9962667226791382
0.9961000084877014
0.9961667060852051
0.9961333274841309
0.9961833357810974
0.9962166547775269
0.9960833787918091
0.9961499571800232
0.9961166381835938
0.9962833523750305
0.9962000250816345
0.9962833523750305
0.9961333274841309
0.9962833523750305
0.9962167143821716
0.9962999820709229
0.9962833523750305
0.9963833093643188
0.9962666034698486
0.9962667226791382
0.9962666630744934
0.996233344078064
0.9962999820709229
0.996399998664856
0.9962999820709229
0.9963500499725342
0.9963333606719971
0.9963333606719971
0.9962832927703857
0.996399998664856
0.9963833093643188
0.9962000250816345
0.9963833093643188
0.9963499903678894
0.9962999820709229
0.996399998664856
0.996399998664856
0.996483325958252
0.9964333176612854
0.9963167309761047
0.9963833689689636
0.996483325958252
0.9964333176612854
0.996483325958252
0.9964166879653931
0.9964666366577148
0.9962999820709229
0.9964000582695007
0.9964666366577148
0.99631667137146
0.996483325958252
0.9964333772659302
0.9964499473571777
0.9964666366577148
0.9963833093643188
0.9965000152587891
0.9964832663536072
0.9964499473571777
0.9963666796684265
0.9965000152587891
0.9965333342552185
0.9965000152587891
0.996483325958252
0.9965500235557556
0.9966166615486145
0.9965167045593262
0.9965499639511108
0.9965832829475403
0.9965832829475403
0.9966000318527222
0.9965167045593262
0.996649980545044
0.9966333508491516
0.9965000152587891
0.9964500069618225
0.9965999722480774
0.9964833855628967
0.996566653251648
0.9965832829475403
0.996666669845581
0.9966166615486145
0.9965500235557556
0.9966833591461182
0.9966166615486145
0.9965999722480774
0.9965999722480774
0.996749997138977
0.9965833425521851
0.9965999722480774
0.9967666864395142
0.9965500235557556
0.996666669845581
0.9966999888420105
0.9967166781425476
0.996666669845581
0.9967999458312988
0.9967333078384399
0.9967666268348694
0.9966833591461182
0.9966332912445068
0.9966332912445068
0.9967832565307617
0.9966166019439697
0.996666669845581
0.9966999888420105
0.9967999458312988
0.9965999722480774
0.9968666434288025
0.9968000054359436
0.9966999292373657
0.9967666268348694
0.9968999624252319
0.9967666268348694
0.9967333674430847
0.9968999624252319
0.9968500137329102
0.9967999458312988
0.996916651725769
0.996749997138977
0.9967999458312988
0.996666669845581
0.9967832565307617
0.9968000054359436
0.9968500137329102
0.9967833161354065
0.9968500137329102
0.9968500137329102
0.9968666434288025
0.9967166185379028
0.9968832731246948
0.9968499541282654
0.9968832731246948
0.996916651725769
0.9968999624252319
0.9969666600227356
0.996916651725769
0.9969499707221985
0.9969666600227356
0.9969333410263062
0.9969333410263062
0.9969832897186279
0.9969167113304138
0.9968666434288025
0.9969832897186279
0.9969500303268433
0.9969499707221985
0.996916651725769
0.9969333410263062
0.9969666600227356
0.9970332980155945
0.9968832731246948
0.9969333410263062
0.9969333410263062
0.9970333576202393
0.9970166683197021
0.9970499873161316
0.9970166683197021
0.9970499277114868
0.9970166683197021
0.996999979019165
0.9970499277114868
0.9970666170120239
0.9970833659172058
0.9971833229064941
0.9970166683197021
0.9970833659172058
0.9970833659172058
0.996999979019165
0.9971166849136353
0.9971333146095276
0.997083306312561
0.9971500039100647
0.9970166683197021
0.9970999956130981
0.9971166849136353
0.997083306312561
0.9969333410263062
0.9970332980155945
0.997249960899353
0.9972000122070312
0.9971166849136353
0.9971333742141724
0.997166633605957
0.9972166419029236
0.9971666932106018
0.9971333742141724
0.9971166849136353
0.9971500039100647
0.9972000122070312
0.9971166849136353
0.9971166849136353
0.9971833229064941
0.9971333146095276
0.9972500205039978
0.9972833395004272
0.9972500205039978
0.9972833395004272
0.9972166419029236
0.9971333742141724
0.9971166849136353
0.9971666932106018
0.9970999956130981
0.9972500205039978
0.997249960899353
0.9972333312034607
0.9972000122070312
0.9971666932106018
0.9973165988922119
0.9972833395004272
0.997249960899353
0.9973666667938232
0.997249960899353
0.9972833395004272
0.9973000288009644
0.997166633605957
0.9972667098045349
0.9973165988922119
0.9972999691963196
0.9973333477973938
0.9972500205039978
0.9972833395004272
0.9973666667938232
0.9973499774932861
0.9973666667938232
0.997333288192749
0.9973833560943604
0.9973333477973938
0.9973666667938232
0.9973999857902527
0.9973499774932861
0.9973333477973938
0.9974000453948975
0.9973999857902527
0.9973333477973938
0.997333288192749
0.9973833560943604
0.9973333477973938
0.9974000453948975
0.9973167181015015
0.9974166750907898
0.9974333047866821
0.9973666667938232
0.997366726398468
0.997333288192749
0.9974333047866821
0.9973000288009644
0.9973999857902527
0.9973166584968567
0.9974000453948975
0.9973833560943604
0.9973166584968567
0.9973999857902527
0.9974499940872192
0.997366726398468
0.9974333643913269
0.9974166750907898
0.9974833130836487
0.9974000453948975
0.997416615486145
0.9973999857902527
0.9974333047866821
0.9974833726882935
0.9975500106811523
0.9974499940872192
0.9973833560943604
0.997416615486145
0.9974166750907898
0.9973499774932861
0.9973999857902527
0.9974166750907898
0.9975000023841858
0.9974666833877563
0.9975000023841858
0.99753338098526
0.9975333213806152
0.9974833130836487
0.9975333213806152
0.9974666833877563
0.9974333047866821
0.9974499940872192
0.997583270072937
0.9974333047866821
0.9974666833877563
0.9974833726882935
0.9975166320800781
0.9975000023841858
0.9975000619888306
0.9975000023841858
0.9975500106811523
0.9975333213806152
0.9975000023841858
0.9975333213806152
0.9975999593734741
0.9976166486740112
0.9976000189781189
0.9975500106811523
0.9975166916847229
0.9975333213806152
0.9974833726882935
0.9975666403770447
0.9976667165756226
0.9975500106811523
0.9975500106811523
0.9975166320800781
0.9976500272750854
0.9975833296775818
0.9975500106811523
0.9975500106811523
0.9975833296775818
0.9976666569709778
0.9975000023841858
0.9975666403770447
0.9975999593734741
0.9975999593734741
0.9975833296775818
0.9976333379745483
0.9976000189781189
0.9975333213806152
0.9975833296775818
0.9976000189781189
0.9976999759674072
0.9976333379745483
0.9975999593734741
0.9976500272750854
0.9975000023841858
0.9976832866668701
0.9975666999816895
0.9976166486740112
0.9976667165756226
0.9976500272750854
0.9976500272750854
0.9976500272750854
0.9976667165756226
0.9976667165756226
0.9976333379745483
0.9976333379745483
0.9975833892822266
0.9976000189781189
0.9976166486740112
0.9976000189781189
0.9976332783699036
0.9975833892822266
0.9976333379745483
0.9977332949638367
0.9976333379745483
0.9976666569709778
0.9976500272750854
0.9976999759674072
0.9976333379745483
0.997700035572052
0.9977333545684814
0.9976999759674072
0.9977667331695557
0.997700035572052
0.9976333379745483
0.9976667165756226
0.9976666569709778
0.9976999759674072
0.9976667165756226
0.9977333545684814
0.9976833462715149
0.9976333379745483
0.9977166652679443
0.9976666569709778
0.9977166652679443
0.9977999925613403
0.9977500438690186
0.9977333545684814
0.9977999925613403
0.9977333545684814
0.9976999759674072
0.9976999759674072
