21.0647931098938
20.47301149368286
20.456712245941162
20.57235360145569
20.71856665611267
20.68812084197998
20.51289987564087
20.514636754989624
20.662721395492554
20.508048057556152
20.576131582260132
20.740224599838257
20.910951137542725
20.747958421707153
20.701249361038208
20.852782011032104
20.642164707183838
20.61680555343628
20.48491597175598
20.4995174407959
20.535117149353027
20.488933324813843
20.51765251159668
20.524163484573364
20.509028434753418
20.513142824172974
20.514496564865112
20.501664876937866
20.498066186904907
20.518983125686646
20.465320587158203
20.493855714797974
20.703559160232544
20.667481899261475
20.659969806671143
20.690346479415894
20.577067375183105
20.588361024856567
20.585790872573853
20.877805948257446
20.980149745941162
20.588818073272705
20.74955677986145
20.682495832443237
20.719653844833374
20.73106837272644
20.663305044174194
20.640402793884277
20.651477575302124
20.655365705490112
20.495466232299805
20.482967615127563
20.50592613220215
20.493237257003784
20.673044443130493
20.51906132698059
20.595239877700806
20.602299213409424
20.690343618392944
20.822702884674072
20.6056911945343
20.601067543029785
20.516939878463745
20.576653957366943
20.502434015274048
20.448113918304443
20.458466291427612
20.604591608047485
20.844053983688354
20.71658968925476
20.70598793029785
20.696539163589478
20.688284397125244
20.68590474128723
20.598435163497925
20.590906620025635
20.48960781097412
20.499381065368652
20.483052015304565
20.49753475189209
20.486903429031372
20.522801160812378
20.68379521369934
20.653239250183105
20.549002647399902
20.51900553703308
20.502023458480835
20.539124727249146
20.6672945022583
20.62505531311035
20.619577884674072
20.63669991493225
20.605504751205444
20.612820386886597
20.652284383773804
20.65352749824524
20.66049289703369
20.69044852256775
20.639151334762573
20.76895833015442
20.501871347427368
20.4886531829834
20.47941541671753
20.51400327682495
20.627207040786743
20.428248643875122
20.546294927597046
20.526578426361084
20.59197187423706
20.51384997367859
20.4904887676239
20.51919960975647
20.549699544906616
20.53037166595459
20.504265069961548
20.661133527755737
20.612416744232178
20.49155068397522
20.49252676963806
20.465322494506836
20.42650866508484
20.48338747024536
20.464977025985718
20.474809408187866
20.475971937179565
20.454676628112793
20.47431516647339
20.47604012489319
20.711825847625732
20.632646799087524
20.62165093421936
20.518308401107788
20.542810916900635
20.50917935371399
20.510263681411743
20.53242564201355
20.53825068473816
20.522849559783936
20.526155710220337
20.527082920074463
20.50112771987915
20.528905868530273
20.521344661712646
20.50917625427246
20.53147292137146
20.532275915145874
20.470957040786743
20.51695442199707
20.49573516845703
20.495421648025513
20.531933784484863
20.518600940704346
20.5014910697937
20.498199224472046
20.508070468902588
20.430580854415894
20.49746322631836
20.511340379714966
20.49701452255249
20.48633122444153
20.5191490650177
20.681045532226562
20.6714346408844
20.702678680419922
20.70278549194336
20.65149998664856
20.693421602249146
20.683287620544434
20.682688236236572
20.692081928253174
20.62476110458374
20.66821837425232
20.65099048614502
20.623389720916748
20.654325246810913
20.64661169052124
20.70687985420227
20.68303632736206
20.64313244819641
20.650156497955322
20.652745723724365
20.661025285720825
20.650452136993408
20.65205979347229
20.672091960906982
20.65463614463806
20.722644805908203
20.78773331642151
20.662044763565063
20.729525566101074
20.55565643310547
20.53137516975403
20.566622734069824
20.53815531730652
20.536990880966187
20.56738018989563
20.531789302825928
20.536537170410156
20.555142402648926
20.67014455795288
20.668317317962646
20.617648601531982
20.785131692886353
20.68342876434326
20.67227292060852
20.603670120239258
20.59603190422058
20.633758544921875
20.61938214302063
20.60987424850464
20.622885704040527
20.585912704467773
20.605496406555176
20.61594533920288
20.653266668319702
20.770546197891235
20.864006757736206
20.801631689071655
20.790806770324707
20.795430183410645
20.5649094581604
20.56319499015808
20.54603862762451
20.563371419906616
20.53551697731018
20.5658962726593
20.535828828811646
20.563443899154663
20.544959783554077
20.568225622177124
20.569056034088135
20.516935110092163
20.676111936569214
20.823836088180542
20.508760690689087
20.543811082839966
20.538687467575073
20.5304172039032
20.56865406036377
20.547264575958252
20.531831741333008
20.564788818359375
20.520118474960327
20.52994680404663
20.553975582122803
20.5305278301239
20.530837535858154
20.514183044433594
20.764299154281616
20.673231601715088
20.69977378845215
20.681849241256714
20.547861576080322
20.634708404541016
20.686628103256226
20.692877292633057
20.699298858642578
20.660685777664185
20.656418085098267
20.690978527069092
20.661060571670532
20.669604301452637
20.64517092704773
20.744333267211914
20.730351448059082
20.625659227371216
20.569329977035522
20.576128005981445
20.593251943588257
20.563876152038574
20.70888924598694
20.64823865890503
20.62955379486084
20.585014820098877
20.564691066741943
20.534071683883667
20.57612895965576
20.545217752456665
20.502909660339355
20.54953384399414
20.56480050086975
20.5605731010437
20.70831799507141
20.678586959838867
20.679168462753296
20.686249256134033
20.66762900352478
20.662954330444336
20.676979303359985
20.65415644645691
20.677887678146362
20.683732986450195
20.670336723327637
20.650564432144165
20.627684831619263
20.64540433883667
20.68988037109375
20.523485898971558
20.508538722991943
20.546439170837402
20.675014972686768
20.677364110946655
20.695537567138672
20.67274260520935
20.682401657104492
20.6876163482666
20.66103506088257
20.653121948242188
20.529634475708008
20.48475408554077
20.624207973480225
20.516337394714355
20.717893600463867
20.636654376983643
20.66365909576416
20.62653350830078
20.649062156677246
20.653935194015503
20.63634729385376
20.642364740371704
20.66696786880493
20.635238885879517
20.634861707687378
20.65458393096924
20.64466404914856
20.66176128387451
20.621460676193237
20.643372774124146
20.63296103477478
20.6414635181427
20.529072284698486
20.56643843650818
20.533227920532227
20.55319857597351
20.56840229034424
20.661232471466064
20.77250909805298
20.65353274345398
20.650599718093872
20.657176733016968
20.607252597808838
20.6030375957489
20.651837825775146
20.90907311439514
20.90550947189331
20.879184246063232
20.76807451248169
20.556174516677856
20.66020369529724
20.67799997329712
20.620517015457153
20.518195390701294
20.552469968795776
20.66554570198059
20.53943419456482
20.528760194778442
20.542520761489868
20.512406587600708
20.52415943145752
20.54921817779541
20.515525102615356
20.51194953918457
20.546682357788086
20.525437831878662
20.508477687835693
20.536198616027832
20.51967215538025
20.503225564956665
20.530484199523926
20.533763885498047
20.518393754959106
20.48192596435547
20.709816932678223
20.68464756011963
20.569917917251587
20.58535647392273
20.572020053863525
20.59201431274414
20.585824251174927
20.570722341537476
20.57512640953064
20.585889101028442
20.579010486602783
20.60339856147766
20.573957443237305
20.56911301612854
20.601701498031616
20.544678449630737
20.573021173477173
20.603184938430786
20.579123973846436
20.570180416107178
20.59995436668396
20.58248519897461
20.542843103408813
20.58148741722107
20.580854177474976
20.589407444000244
20.57158398628235
20.54945158958435
20.57095503807068
20.55030632019043
20.49712109565735
20.5139102935791
20.523480653762817
20.871307134628296
20.620380401611328
20.619399309158325
20.604187726974487
20.59988260269165
20.59277582168579
20.583970308303833
20.765281200408936
20.744372129440308
20.7614483833313
20.67896270751953
20.675379753112793
20.65153932571411
20.61546301841736
20.643441438674927
20.63571047782898
20.51290774345398
20.523706436157227
20.504361867904663
20.493648767471313
20.535247087478638
20.52560257911682
20.535529375076294
20.531657695770264
20.49820637702942
20.520511150360107
20.51339840888977
20.499611377716064
20.484548330307007
20.50972867012024
20.507519245147705
20.51249074935913
20.53468155860901
20.512861728668213
20.516645431518555
20.524622917175293
20.5209698677063
20.51975917816162
20.611502170562744
20.507582664489746
20.519391536712646
20.52129626274109
20.75154709815979
20.735455751419067
20.66851496696472
20.654301643371582
20.681330680847168
20.562833309173584
20.560056924819946
20.664725065231323
20.623307466506958
20.595083713531494
20.542811393737793
20.520151376724243
20.536613702774048
20.54775309562683
20.539501428604126
20.54844617843628
20.72531747817993
20.661853790283203
20.69149374961853
20.714267015457153
20.679653644561768
20.69718599319458
20.70468282699585
20.680039882659912
20.520290851593018
20.55018973350525
20.514986276626587
20.778849601745605
20.719167232513428
20.66894841194153
20.564321517944336
20.550446271896362
20.55140709877014
20.53665018081665
20.584158658981323
20.59078025817871
20.574841260910034
20.581846475601196
20.56160569190979
20.845373153686523
20.781144857406616
20.570311307907104
20.561250686645508
20.670595407485962
20.826507329940796
20.7947998046875
20.803922414779663
20.752942085266113
20.757238149642944
20.787987232208252
20.779326915740967
20.77257490158081
20.532184600830078
20.51298975944519
20.52056646347046
20.766698598861694
20.60038447380066
20.54118251800537
20.642257690429688
20.734918355941772
20.76700711250305
20.73685574531555
20.62769913673401
20.608936548233032
20.60988759994507
20.64997434616089
20.520235538482666
20.514641523361206
20.532378435134888
20.475586891174316
20.51071524620056
20.49958825111389
20.480836391448975
20.4843852519989
20.511555433273315
20.51586365699768
20.51103115081787
20.49674081802368
20.49485158920288
20.455023050308228
20.762157678604126
20.637288331985474
20.596389055252075
20.628581285476685
20.614468097686768
20.507509231567383
20.635013580322266
20.604316473007202
20.614407539367676
20.621079921722412
20.603195905685425
20.62123131752014
20.81163454055786
20.841654062271118
20.700024127960205
20.70736598968506
20.690805912017822
20.66737699508667
20.663033723831177
20.699123859405518
20.615912675857544
20.656944274902344
20.552725553512573
20.5772545337677
20.564810514450073
20.758848190307617
20.66365146636963
20.662484169006348
20.651732444763184
20.69641137123108
20.50217342376709
20.503629207611084
20.692660808563232
20.612658262252808
20.601025342941284
20.606258869171143
20.52242922782898
20.576016664505005
20.611109256744385
20.63102102279663
20.678033590316772
20.664429187774658
20.666206121444702
20.67069721221924
20.654247045516968
20.768536806106567
20.647783756256104
20.607365131378174
20.61126136779785
20.516828775405884
20.536274909973145
20.487300634384155
20.503036975860596
20.500304698944092
20.50093936920166
20.522034168243408
20.694538831710815
20.56571865081787
20.554893493652344
20.584929943084717
20.571281671524048
20.556213855743408
20.588238954544067
20.5538809299469
20.5435528755188
20.572012901306152
20.541006803512573
20.52947759628296
20.530498266220093
20.58294177055359
20.57505464553833
20.630096673965454
20.624783992767334
20.615615367889404
20.53899574279785
20.515013456344604
20.63945770263672
20.671416759490967
20.648072004318237
20.666135787963867
20.734333515167236
20.674428701400757
20.61270046234131
20.596975326538086
20.544547080993652
20.516157150268555
20.515418529510498
20.509259700775146
20.500477075576782
20.496110677719116
20.48746609687805
20.55155086517334
20.517211437225342
20.50649333000183
20.668212175369263
20.652655601501465
20.609299659729004
20.475069999694824
20.398520946502686
20.48398184776306
20.512030839920044
20.481359004974365
20.489213228225708
20.651995182037354
20.613057136535645
20.50777554512024
20.489007711410522
20.510939598083496
20.520039796829224
20.504456281661987
20.549360513687134
20.515877723693848
20.645440816879272
20.578447103500366
20.49328327178955
20.503385305404663
20.503214359283447
20.513976097106934
20.6168270111084
20.644703149795532
20.737135410308838
20.622188568115234
20.665332317352295
20.621463537216187
20.627988815307617
20.644224166870117
20.619710206985474
20.609299659729004
20.469480752944946
20.73966360092163
20.608097791671753
20.62486219406128
20.62547993659973
20.601213455200195
20.61262273788452
20.60926651954651
20.609747886657715
20.55213761329651
20.55359983444214
20.621737718582153
20.56110191345215
20.628475189208984
20.60295820236206
20.622069120407104
20.56699275970459
20.600006103515625
20.637816429138184
20.654508113861084
20.69731330871582
20.624314785003662
20.64047932624817
20.639403343200684
20.48022747039795
20.51810598373413
20.4925377368927
20.51723289489746
20.52667737007141
20.493136405944824
20.490757703781128
20.492343425750732
20.49696183204651
20.471835136413574
20.634662628173828
20.599752187728882
20.6632239818573
20.661216259002686
20.6459059715271
20.69515085220337
20.678752899169922
20.631810665130615
20.674095153808594
20.66472101211548
20.485509872436523
20.488330364227295
20.486796379089355
20.517629861831665
20.521926403045654
20.476189136505127
20.444873094558716
20.413037061691284
20.426517963409424
20.44311547279358
20.46691608428955
20.706737756729126
20.68618392944336
20.66897225379944
20.650447845458984
20.669594526290894
20.671228170394897
20.662130117416382
20.648885488510132
20.6586651802063
20.671396493911743
20.663663387298584
20.604610919952393
20.6309916973114
20.65533709526062
20.66797184944153
20.670172214508057
20.6781222820282
20.660512685775757
20.66412591934204
20.691539764404297
20.6476891040802
20.657732486724854
20.68055009841919
20.71994686126709
20.742753267288208
20.642099857330322
20.627050161361694
20.604525327682495
20.591066360473633
20.666494369506836
20.629724502563477
20.818255186080933
20.818567991256714
20.773796796798706
20.790221214294434
20.783944606781006
20.767035245895386
20.69648790359497
20.581844806671143
20.592791318893433
20.565499305725098
20.545819520950317
20.5759174823761
20.541076183319092
20.562328577041626
20.568809986114502
20.54039430618286
20.525620222091675
20.558478355407715
20.53030037879944
20.536888360977173
20.554620504379272
20.565600633621216
20.572992086410522
20.56631064414978
20.562891960144043
20.56454300880432
20.70227813720703
20.75095224380493
20.72849464416504
20.714536666870117
20.70421576499939
20.73211646080017
20.717235326766968
20.714377403259277
20.55349111557007
20.519539833068848
20.50412607192993
20.491999626159668
20.4796884059906
20.56522250175476
20.445558309555054
20.462517738342285
20.404047966003418
20.485398530960083
20.4984712600708
20.503052711486816
20.509007215499878
20.516117811203003
20.654322624206543
20.595614194869995
20.683371543884277
20.646772146224976
20.657007932662964
20.564348220825195
20.526344776153564
20.59358286857605
20.516646146774292
20.426527738571167
20.46384572982788
20.531338691711426
20.512054204940796
20.529587984085083
20.534990787506104
20.51231288909912
20.518930196762085
20.53819251060486
20.502586126327515
20.512642860412598
20.517948627471924
20.515733242034912
20.49743103981018
20.77732515335083
20.77130389213562
20.699925899505615
20.696760892868042
20.700854778289795
20.695475101470947
20.710402965545654
20.870425939559937
20.833402633666992
20.543528079986572
20.534724950790405
20.519588232040405
20.525163173675537
20.52927565574646
20.672295331954956
20.57508635520935
20.559236764907837
20.561633586883545
20.85971426963806
20.761698961257935
20.649115800857544
20.655456066131592
20.630127906799316
20.689877033233643
20.696488857269287
20.67558240890503
20.68111491203308
20.676162242889404
20.70660710334778
20.67417883872986
20.661799907684326
20.69050645828247
20.66418433189392
20.663410425186157
20.67601728439331
20.67969560623169
20.666966676712036
20.665202856063843
20.687386751174927
20.681538343429565
20.661174774169922
20.602164030075073
20.68091368675232
20.681318283081055
20.661822080612183
20.69124722480774
20.559269905090332
20.72811770439148
20.612433433532715
20.51890230178833
20.62744927406311
20.62418031692505
20.68008542060852
20.642335653305054
20.61330246925354
20.488465070724487
20.502570152282715
20.499093055725098
20.52493906021118
20.500406503677368
20.657106161117554
20.722670555114746
20.543633460998535
20.546263694763184
20.485405445098877
20.495126724243164
20.530893087387085
20.5448739528656
20.53862762451172
20.541621446609497
20.52194380760193
20.53389048576355
20.544232606887817
20.517942428588867
20.51748013496399
20.540666103363037
20.52831768989563
20.51799488067627
20.510973930358887
20.506516456604004
20.561200857162476
20.538933038711548
20.572420120239258
20.606438875198364
20.60756015777588
20.566768407821655
20.572153329849243
20.59344983100891
20.601768732070923
20.71731686592102
20.687573432922363
20.717904090881348
20.644134044647217
20.50944185256958
20.530056953430176
20.440730810165405
20.499045848846436
20.672815561294556
20.62308692932129
20.479453086853027
20.626996278762817
20.643882989883423
20.62476372718811
20.659068822860718
20.598092317581177
20.614799737930298
20.586532592773438
20.592167615890503
20.594547748565674
20.587387561798096
20.49371886253357
20.468693733215332
20.532585620880127
20.519845485687256
20.60315227508545
20.625427722930908
20.61694073677063
20.621487855911255
20.649433374404907
20.648328065872192
20.625096082687378
20.64145016670227
20.607558488845825
20.58835196495056
20.60372519493103
20.56695032119751
20.594195127487183
20.544568300247192
20.526972770690918
20.523661613464355
20.521522521972656
20.526552200317383
20.50230050086975
20.631959915161133
20.60480546951294
20.630972623825073
20.680314540863037
20.645121574401855
20.661499977111816
20.519139051437378
20.48370623588562
20.486270666122437
20.481936931610107
20.6107234954834
20.58315372467041
20.590426921844482
20.516576290130615
20.53952121734619
20.522831201553345
20.53259825706482
20.495455265045166
20.51743459701538
20.494788885116577
20.468377113342285
20.512768507003784
20.49680495262146
20.505547285079956
20.455594301223755
20.647459506988525
20.650679349899292
20.62467670440674
20.624126434326172
20.630803108215332
20.62693428993225
20.629088401794434
20.636647701263428
20.62669825553894
20.643008947372437
20.63251233100891
20.507805824279785
20.675909996032715
20.7061550617218
20.66674280166626
20.636958122253418
20.676318645477295
20.70457363128662
20.671639680862427
20.71005082130432
20.714528799057007
20.729424715042114
20.649104595184326
20.637635469436646
20.628939151763916
20.635657787322998
20.649245738983154
20.581611156463623
20.565109252929688
20.565829515457153
20.53865671157837
20.530589818954468
20.55335021018982
20.62180471420288
20.632938385009766
20.62260389328003
20.621824979782104
20.53859853744507
20.494089126586914
20.52517080307007
20.51697325706482
20.589107990264893
20.92440128326416
20.820292472839355
20.81458830833435
20.8018536567688
20.749706506729126
20.79009747505188
20.703914642333984
20.677843809127808
20.725840091705322
20.686546564102173
20.706003427505493
20.706868410110474
20.502389192581177
20.543001651763916
20.543137788772583
20.69564151763916
20.675431489944458
20.706705570220947
20.67683172225952
20.57404136657715
20.597648859024048
20.5830500125885
20.55232834815979
20.578142404556274
20.555919408798218
20.546103954315186
20.550034999847412
20.5643093585968
20.65914225578308
20.627836227416992
20.63778853416443
20.639115571975708
20.607435941696167
20.59017777442932
20.584028244018555
20.583120584487915
20.570562601089478
20.605552196502686
20.628477334976196
20.600707292556763
20.60332679748535
20.633416652679443
20.611372709274292
20.588088750839233
20.530166387557983
20.510754823684692
20.503602027893066
20.52478814125061
20.528151512145996
20.482802629470825
20.502628803253174
20.50912356376648
20.498472929000854
20.467344760894775
20.628878116607666
20.640150785446167
20.63698148727417
20.68204665184021
20.71290636062622
20.708685398101807
20.66490888595581
20.53065848350525
20.6943576335907
20.68274188041687
20.628570556640625
20.573602199554443
20.579293966293335
20.62960124015808
20.597729682922363
20.608072996139526
20.590465545654297
20.630889177322388
20.613415479660034
20.601478815078735
20.49346351623535
20.503669500350952
20.498900175094604
20.493269443511963
20.511576175689697
20.48942732810974
20.48732280731201
20.494060277938843
20.485888957977295
20.446433067321777
20.465145587921143
20.493650197982788
20.75039267539978
20.653653383255005
20.66072726249695
20.670145750045776
20.647151470184326
20.660763263702393
20.635905981063843
20.625704526901245
20.60271668434143
20.598833799362183
20.596395254135132
20.602957248687744
20.446557760238647
20.53363609313965
20.537125825881958
20.516824960708618
20.607322216033936
20.63926911354065
20.615891933441162
20.61239790916443
20.634012460708618
20.608420610427856
20.74560570716858
20.727195262908936
20.714542388916016
20.71933937072754
20.65119504928589
20.44942545890808
20.588553190231323
20.583520889282227
20.617783784866333
20.583073616027832
20.579944610595703
20.597495555877686
20.59382700920105
20.653423309326172
20.55101203918457
20.545817375183105
20.89686107635498
20.725944757461548
20.669527769088745
20.64704728126526
20.582488298416138
20.577494382858276
20.56639838218689
20.559859037399292
20.596917390823364
20.47716212272644
20.53715991973877
20.582072496414185
20.603445053100586
20.687485456466675
20.662916898727417
20.679448127746582
20.679572820663452
20.66572594642639
20.686509132385254
20.622232913970947
20.66528296470642
20.688665866851807
20.670288801193237
20.500040292739868
20.660515069961548
20.63885188102722
20.608319997787476
20.51081156730652
20.53982162475586
20.512451171875
20.538896560668945
20.5669949054718
20.5262610912323
20.533703327178955
20.676759004592896
20.625516414642334
20.635666370391846
20.66093873977661
20.66530704498291
20.66372513771057
20.656755924224854
20.688642263412476
20.50784969329834
20.50878667831421
20.627277374267578
20.622045278549194
20.62058711051941
20.611414432525635
20.632400512695312
20.626262187957764
20.56762433052063
20.570914030075073
20.596089601516724
20.51340365409851
20.50143265724182
20.521475315093994
20.51966619491577
20.519604682922363
20.675734996795654
20.849653244018555
20.76123809814453
20.526747465133667
20.51038670539856
20.48515033721924
20.508635997772217
20.482799768447876
20.42353343963623
20.476245403289795
20.508657932281494
20.487966537475586
20.487147569656372
20.56727385520935
20.54617714881897
20.52664065361023
20.704162120819092
20.550269603729248
20.53614091873169
20.494373083114624
20.573855876922607
20.563189268112183
20.649470806121826
20.58187699317932
20.67282247543335
20.630093336105347
20.656064748764038
20.651399612426758
20.685611724853516
20.674611806869507
20.58000421524048
20.512173414230347
20.506551504135132
20.47517728805542
20.51147723197937
20.496272087097168
20.487423419952393
20.499762773513794
20.520764589309692
20.492453575134277
20.652158975601196
20.661123752593994
20.636992692947388
20.615185260772705
20.65887975692749
20.61225175857544
20.637373685836792
20.65483260154724
20.642020225524902
20.620782136917114
20.642147302627563
20.659169912338257
20.63946533203125
20.6185040473938
20.720821380615234
20.714852571487427
20.651781797409058
20.688544273376465
20.685264825820923
20.5673189163208
20.569674253463745
20.577507972717285
20.54776644706726
20.543095111846924
20.592498064041138
20.55903458595276
20.5395348072052
20.54776906967163
20.546546936035156
20.514917373657227
20.537909984588623
20.548712491989136
20.531960487365723
20.560262441635132
20.54990863800049
20.6423237323761
20.644198417663574
20.659088373184204
20.62344789505005
20.626647472381592
20.637908935546875
20.647523403167725
20.61766028404236
20.609509229660034
20.554307460784912
20.448893070220947
20.485814332962036
20.46522545814514
20.520664930343628
20.544897079467773
20.56830906867981
20.588910818099976
20.569510459899902
20.50627303123474
20.51072883605957
20.604904174804688
20.572265625
20.580198764801025
20.590750455856323
20.662623167037964
20.506104707717896
20.499403715133667
20.530275344848633
20.542299032211304
20.518131494522095
20.52515935897827
20.531280517578125
20.494935512542725
20.48212456703186
20.866838455200195
20.679707050323486
20.72560429573059
20.71707797050476
20.67407727241516
20.693309545516968
20.765623569488525
20.7000093460083
20.7630774974823
20.77419376373291
20.770200490951538
20.69450807571411
20.65854811668396
20.649889707565308
20.64017081260681
20.66782784461975
20.765692949295044
20.835570096969604
20.59376835823059
20.583082675933838
20.569984674453735
20.68912649154663
20.615361213684082
20.656256198883057
20.650634288787842
20.45958375930786
20.519479036331177
20.496092557907104
20.551670789718628
20.51513409614563
20.650733709335327
20.64673924446106
20.63385820388794
20.655752897262573
20.776927947998047
20.753235578536987
20.757503509521484
20.780287504196167
20.76485824584961
20.7310950756073
20.66336679458618
20.65752673149109
20.626072645187378
20.64002799987793
20.693888664245605
20.642200231552124
20.626654863357544
20.638066291809082
20.635413646697998
20.61610174179077
20.637837171554565
20.6556978225708
20.626562356948853
20.60570764541626
20.61879014968872
20.61901068687439
20.643921375274658
20.61599063873291
20.598056077957153
20.5100200176239
20.527669668197632
20.645491361618042
20.657933712005615
20.63187074661255
20.657148122787476
20.780006408691406
20.76834988594055
20.559974908828735
20.63179898262024
20.524372577667236
20.50251603126526
20.534303665161133
20.523866891860962
20.519718170166016
20.5069363117218
20.499874353408813
20.537484407424927
20.52363133430481
20.557167291641235
20.51485538482666
20.536343574523926
20.52404499053955
20.567452669143677
20.582173824310303
20.571871042251587
20.496678829193115
20.496373414993286
20.515705347061157
20.499491930007935
20.488704919815063
20.509854555130005
20.49616503715515
20.484015464782715
20.502252101898193
20.590821504592896
20.50372886657715
20.5081467628479
20.52220392227173
20.5045428276062
20.5393123626709
20.534112453460693
20.455931425094604
20.485979080200195
20.458434581756592
20.454643964767456
20.496517658233643
20.652889728546143
20.50150203704834
20.525344610214233
20.500214338302612
20.48417592048645
20.512859344482422
20.495201587677002
20.602760076522827
20.596779108047485
20.628468990325928
20.55548644065857
20.569329977035522
20.581602096557617
20.593430042266846
20.581058025360107
20.55652952194214
20.513119220733643
20.518873929977417
20.634671688079834
20.642333269119263
20.61056113243103
20.597472429275513
20.6316499710083
20.6096293926239
20.604742527008057
20.645480632781982
20.52677083015442
20.500507831573486
20.51001811027527
20.562004566192627
20.688929557800293
20.595682859420776
20.69092559814453
20.71169376373291
20.46021294593811
20.467763900756836
20.46622920036316
20.49974775314331
20.459853410720825
20.463642835617065
20.491414785385132
20.44438934326172
20.41964864730835
20.473737001419067
20.453218936920166
20.66327476501465
20.673612117767334
20.64559292793274
20.671286582946777
20.6679265499115
20.686720848083496
20.655993700027466
20.480604648590088
20.5024995803833
20.52446413040161
20.521865129470825
20.58690094947815
20.49646234512329
20.462724208831787
20.48993968963623
20.523669958114624
20.657098054885864
20.634435415267944
20.643887519836426
20.671409845352173
20.710575103759766
20.725279808044434
20.72830080986023
20.71541953086853
20.722044944763184
20.719356775283813
20.70767068862915
20.710538387298584
20.6203351020813
20.675235986709595
20.698134899139404
20.7273211479187
20.701826572418213
20.701335430145264
20.50053596496582
20.508742094039917
20.480720043182373
20.505033016204834
20.484911680221558
20.497167110443115
20.50524616241455
20.4908344745636
20.48599910736084
20.490585565567017
20.550289154052734
20.49596405029297
20.486350536346436
20.51219606399536
20.495632886886597
20.7011296749115
20.67478656768799
20.65730905532837
20.641215085983276
20.672652006149292
20.628937005996704
20.632585525512695
20.673856496810913
20.719654083251953
20.64507555961609
20.45910906791687
20.56672501564026
20.5994291305542
20.59183645248413
20.570841073989868
20.59127378463745
20.608335733413696
20.59034013748169
20.59558653831482
20.560575485229492
20.605942964553833
20.59557795524597
20.592278242111206
20.605363607406616
20.58845615386963
20.59230375289917
20.60391640663147
20.584115982055664
20.595353603363037
20.606678009033203
20.600053071975708
20.65144419670105
20.631053924560547
20.729909420013428
20.609845399856567
20.650311708450317
20.636285305023193
20.63887071609497
20.672693729400635
20.629876375198364
20.570759057998657
20.57683563232422
20.56729745864868
20.541939973831177
20.562665224075317
20.53652262687683
20.545500993728638
20.54985809326172
20.525054454803467
20.53416419029236
20.505061149597168
20.496180534362793
20.528631925582886
20.604002952575684
20.604634046554565
20.58430027961731
20.546037435531616
20.568455696105957
20.551398277282715
20.55289888381958
20.578308582305908
20.56164836883545
20.540677785873413
20.575381755828857
20.544407844543457
20.554486513137817
20.703688621520996
20.580801486968994
20.598533391952515
20.61752223968506
20.528308391571045
20.515957593917847
20.539082527160645
20.780094146728516
20.739078998565674
20.72493076324463
20.760578870773315
20.776898622512817
20.75222635269165
20.767101287841797
20.522969961166382
20.518333435058594
20.503766536712646
20.498217821121216
20.50456190109253
20.5065336227417
20.509023666381836
20.519719123840332
20.506041765213013
20.505500555038452
20.470096826553345
20.57461905479431
20.553086757659912
20.53628396987915
20.574427366256714
20.57412886619568
20.570706844329834
20.562980890274048
20.481191873550415
20.497392892837524
20.513835191726685
20.608160734176636
20.655160903930664
20.63491702079773
20.537039041519165
20.56910800933838
20.539111137390137
20.534681797027588
20.555869102478027
20.548477172851562
20.543595552444458
20.547239542007446
20.57401394844055
20.540048837661743
20.459984302520752
20.59965491294861
20.619653701782227
20.620387077331543
20.636584758758545
20.64232635498047
20.632973670959473
20.666401863098145
20.645895957946777
20.632930517196655
20.660095691680908
20.630671501159668
20.626805782318115
20.63421630859375
20.668373107910156
20.600438594818115
20.609118223190308
20.619053840637207
20.522849321365356
20.503986835479736
20.49423360824585
20.58354091644287
20.48774790763855
20.469711303710938
20.572804927825928
20.556551694869995
20.539639711380005
20.56986904144287
20.698405027389526
20.671468257904053
20.709551334381104
20.612982511520386
20.62331986427307
20.59641456604004
20.625701904296875
20.6309871673584
20.508934259414673
20.54080057144165
20.500203132629395
20.508727312088013
20.60898232460022
20.573896884918213
20.808615922927856
20.550363779067993
20.618627071380615
20.600603580474854
20.587337017059326
20.59708046913147
20.70234179496765
20.731778144836426
20.70065212249756
20.649075269699097
20.660505771636963
20.617228984832764
20.661928176879883
20.623151779174805
20.623842000961304
20.6171875
20.63007616996765
20.627503156661987
20.57281184196472
20.575645923614502
20.532978057861328
20.528483152389526
20.581665992736816
20.565157413482666
20.54372262954712
20.6317241191864
20.63179302215576
20.621366024017334
20.646010398864746
20.612319469451904
20.610092639923096
20.61726450920105
20.534932136535645
20.482945680618286
20.500730752944946
20.605984210968018
20.516419172286987
20.559096574783325
20.595622777938843
20.603328466415405
20.594426155090332
20.700318336486816
20.609253644943237
20.663870096206665
20.63285517692566
20.640629291534424
20.671316385269165
20.625171899795532
20.623140335083008
20.624804496765137
20.5281183719635
20.47435975074768
20.483116149902344
20.628528833389282
20.623648405075073
20.60405969619751
20.66488242149353
20.687586069107056
20.65737795829773
20.658414363861084
20.654076099395752
20.73656702041626
20.657523155212402
20.6538245677948
20.65298295021057
20.689833164215088
20.741271257400513
20.7055344581604
20.7557532787323
20.748744249343872
20.752034187316895
20.759012460708618
20.77197790145874
20.561142444610596
20.53528928756714
20.5172598361969
20.63003182411194
20.564323902130127
20.529052019119263
20.547826290130615
20.512073516845703
20.535567045211792
20.511200666427612
20.541545152664185
20.521673440933228
20.533859491348267
20.52654767036438
20.535276174545288
20.536444425582886
20.516005277633667
20.52537751197815
20.525607109069824
20.517009258270264
20.52501082420349
20.540568590164185
20.523426055908203
20.495809316635132
20.507194995880127
20.485328197479248
20.532599449157715
20.51854419708252
20.52006697654724
20.844807624816895
20.746599197387695
20.762901306152344
20.60298204421997
20.6168212890625
20.577510118484497
20.612465381622314
20.597686290740967
20.61328911781311
20.57673478126526
20.62003445625305
20.589328050613403
20.515252351760864
20.60793161392212
20.60548710823059
20.600852727890015
20.641567945480347
20.64105749130249
20.631274700164795
20.626569032669067
20.627723932266235
20.571452379226685
20.54426074028015
20.55613684654236
20.72961163520813
20.709476232528687
20.71163272857666
20.732385396957397
20.447535037994385
20.4513840675354
20.48346495628357
20.51030206680298
20.51177954673767
20.507249355316162
20.51294255256653
20.518320322036743
20.518471717834473
20.504854917526245
20.49716329574585
20.51927161216736
20.493851900100708
20.497891426086426
20.52839469909668
20.488784074783325
20.514573097229004
20.669145822525024
20.663119554519653
20.65567374229431
20.682478427886963
20.645230770111084
20.653059244155884
20.50989270210266
20.50881004333496
20.488859176635742
20.652836322784424
20.65312910079956
20.652570486068726
20.964959144592285
20.769574880599976
20.69821524620056
20.746207237243652
20.546114921569824
20.534369230270386
20.524521350860596
20.664262294769287
20.650461435317993
20.575177907943726
20.55692720413208
20.545522689819336
20.510627508163452
20.549801349639893
20.530123710632324
20.549978256225586
20.558518171310425
20.547131538391113
20.496542930603027
20.50645136833191
20.48299813270569
20.489436149597168
20.480798959732056
20.507043838500977
20.48034381866455
20.470174551010132
20.487215280532837
20.474596977233887
20.48268175125122
20.488162994384766
20.58589005470276
20.519249200820923
20.50724148750305
20.484310626983643
20.57481598854065
20.554858684539795
20.58808922767639
20.607227325439453
20.566102027893066
20.56677770614624
20.567196369171143
20.5745689868927
20.630527019500732
20.637166023254395
20.710559129714966
20.694156408309937
20.690627098083496
20.682371616363525
20.65936517715454
20.468652725219727
20.511401653289795
20.506309747695923
20.490657091140747
20.674700260162354
20.658608198165894
20.8414146900177
20.75315570831299
20.764686822891235
20.739038944244385
20.568305492401123
20.547194719314575
20.70576548576355
20.67156744003296
20.690357446670532
20.638032913208008
20.677164554595947
20.646697759628296
20.581597805023193
20.570120811462402
20.588656902313232
20.56188988685608
20.57630968093872
20.574027061462402
20.55044388771057
20.552748203277588
20.56999897956848
20.57212495803833
20.581466913223267
20.52754545211792
20.513755321502686
20.599249601364136
20.61593794822693
20.645633935928345
20.684210062026978
20.755627870559692
20.736165761947632
20.59032368659973
20.61023187637329
20.626482248306274
20.595988988876343
20.597952127456665
20.621379613876343
20.60106134414673
20.591469287872314
20.574547290802002
20.499632358551025
20.540392637252808
20.549774169921875
20.54572057723999
20.512364625930786
20.536211490631104
20.551934242248535
20.533127069473267
20.525046825408936
20.49147057533264
20.48562788963318
20.626110076904297
20.715776443481445
20.667962074279785
20.659217596054077
20.785979509353638
20.68184471130371
20.675863027572632
20.686856031417847
20.660252332687378
20.60122036933899
20.591127634048462
20.57495141029358
20.630563497543335
20.621830701828003
20.65425682067871
20.628249168395996
20.623616456985474
20.601404190063477
20.599709510803223
20.606264114379883
20.582153797149658
20.60675549507141
20.596077919006348
20.5693256855011
20.574407815933228
20.59591245651245
20.632795333862305
20.636623859405518
20.63467264175415
20.644120931625366
20.659197330474854
20.625788688659668
20.6323983669281
20.60697627067566
20.62074327468872
20.631672143936157
20.558693885803223
20.58012819290161
20.608067274093628
20.489556789398193
20.497488260269165
20.750996828079224
20.756540060043335
20.72457981109619
20.722026824951172
20.70987296104431
20.72139286994934
20.62907385826111
20.782134294509888
20.78966188430786
20.729784965515137
20.57396364212036
20.512674808502197
20.522765159606934
20.50567626953125
20.746471166610718
20.769314289093018
20.756244897842407
20.745627403259277
20.790354251861572
20.757018327713013
20.745348930358887
20.740151166915894
20.756465435028076
20.726247549057007
20.501458644866943
20.48999309539795
20.46494460105896
20.427213191986084
20.503904342651367
20.504744291305542
20.502105951309204
20.506294012069702
20.517146110534668
20.50770878791809
20.6292724609375
