0.19688333570957184
0.16111667454242706
0.18861666321754456
0.25798332691192627
0.29829999804496765
0.3059999942779541
0.3581833243370056
0.3754500150680542
0.40683335065841675
0.4176333248615265
0.430233359336853
0.43890002369880676
0.45018333196640015
0.47111666202545166
0.5004667043685913
0.5043999552726746
0.5216000080108643
0.5247000455856323
0.5454000234603882
0.5493667125701904
0.5560500025749207
0.5641999840736389
0.5846333503723145
0.589816689491272
0.5939333438873291
0.5944666862487793
0.610366702079773
0.6154333353042603
0.6198833584785461
0.6256999969482422
0.6394000053405762
0.6474166512489319
0.6543833017349243
0.6581500172615051
0.66034996509552
0.6732833385467529
0.6809666752815247
0.6838499903678894
0.6877000331878662
0.6899499893188477
0.6922832727432251
0.6919999718666077
0.6991833448410034
0.7042666673660278
0.7082499861717224
0.7116166353225708
0.716249942779541
0.72243332862854
0.7259333729743958
0.7279499769210815
0.7315666675567627
0.7324000000953674
0.7349500060081482
0.7366166710853577
0.7417999505996704
0.7417999505996704
0.742900013923645
0.7498000264167786
0.7546333074569702
0.758150041103363
0.7611333131790161
0.7636333703994751
0.769599974155426
0.7726833820343018
0.7741166949272156
0.7764667272567749
0.7804166078567505
0.7806000113487244
0.7818333506584167
0.7832167148590088
0.7855333089828491
0.7867333292961121
0.7892333269119263
0.7930833697319031
0.7945166826248169
0.7941166758537292
0.7968332767486572
0.7975666522979736
0.7997000217437744
0.7988166809082031
0.8030666708946228
0.8008333444595337
0.8069999814033508
0.809166669845581
0.8088833689689636
0.8092167377471924
0.8128499984741211
0.8137000203132629
0.8161666393280029
0.8190666437149048
0.8196499347686768
0.8219000101089478
0.8233000040054321
0.8262500166893005
0.8275333046913147
0.8285666704177856
0.8297500014305115
0.8279500007629395
0.8304833173751831
0.8310166597366333
0.8331833481788635
0.833383321762085
0.8349666595458984
0.8358666896820068
0.8394666910171509
0.8397333025932312
0.8411833047866821
0.8402833938598633
0.8434833288192749
0.8456000089645386
0.8464999794960022
0.8479499816894531
0.8479999899864197
0.8495500087738037
0.8501666784286499
0.8521000146865845
0.8537499904632568
0.854283332824707
0.8530000448226929
0.8553667068481445
0.8552166819572449
0.8567333817481995
0.857450008392334
0.8573499917984009
0.859833300113678
0.8583666682243347
0.8596333265304565
0.8608499765396118
0.860450029373169
0.8619832992553711
0.864300012588501
0.8659166693687439
0.8654500246047974
0.8658833503723145
0.8681167364120483
0.8656499981880188
0.8679167032241821
0.8694499731063843
0.8689000010490417
0.868566632270813
0.868149995803833
0.868316650390625
0.8687833547592163
0.8704333305358887
0.8711667060852051
0.871399998664856
0.8713833689689636
0.8727999925613403
0.8735499978065491
0.8728333115577698
0.8746833205223083
0.8740166425704956
0.8745833039283752
0.8756999969482422
0.8756999969482422
0.8767666220664978
0.8781999945640564
0.877133309841156
0.8782166242599487
0.8781166672706604
0.8790333271026611
0.8797667026519775
0.8801000118255615
0.8793666958808899
0.8799999952316284
0.8824166059494019
0.8825500011444092
0.8830000162124634
0.8831666707992554
0.8834333419799805
0.8841665983200073
0.8832833170890808
0.8851833343505859
0.885616660118103
0.8850833773612976
0.8856666684150696
0.8858333826065063
0.8854833245277405
0.8868833184242249
0.8865666389465332
0.887416660785675
0.8885833024978638
0.8873332738876343
0.8877166509628296
0.8880666494369507
0.8880167007446289
0.8890166282653809
0.8908666968345642
0.8904333710670471
0.8903999328613281
0.8916332721710205
0.8915833234786987
0.8912000060081482
0.8923999667167664
0.8920333385467529
0.8914833068847656
0.8920832872390747
0.8932999968528748
0.8944000601768494
0.8938167095184326
0.8947499990463257
0.8944666981697083
0.8950333595275879
0.8956166505813599
0.8948333263397217
0.8959499597549438
0.897183358669281
0.89656662940979
0.8973499536514282
0.8972666263580322
0.8973833322525024
0.8976333141326904
0.8985000252723694
0.8988666534423828
0.8991999626159668
0.9001166820526123
0.9002166390419006
0.9010167121887207
0.900700032711029
0.9010999798774719
0.9014666080474854
0.9012333154678345
0.9023333191871643
0.9021999835968018
0.9031999707221985
0.9031333327293396
0.902899980545044
0.9046332836151123
0.9045500159263611
0.9054666757583618
0.9047166705131531
0.9043166637420654
0.9048166871070862
0.9056167006492615
0.9062666296958923
0.9064666628837585
0.9059832692146301
0.9060499668121338
0.9065500497817993
0.9072499871253967
0.9075000286102295
0.9075999855995178
0.9080833196640015
0.9085000157356262
0.9074666500091553
0.9078667163848877
0.9075332880020142
0.9085999727249146
0.9097833633422852
0.9096999764442444
0.9090999960899353
0.9091499447822571
0.9102500081062317
0.910800039768219
0.9110666513442993
0.9111833572387695
0.9120833277702332
0.910966694355011
0.9114166498184204
0.9120500087738037
0.9117666482925415
0.9120166897773743
0.9136000275611877
0.9127666354179382
0.9133000373840332
0.9130500555038452
0.912933349609375
0.9129999876022339
0.9139666557312012
0.9142667055130005
0.9137666821479797
0.9142333269119263
0.9144833087921143
0.9141666889190674
0.9143500328063965
0.9151833057403564
0.9158833622932434
0.9156500101089478
0.9151666760444641
0.9165166020393372
0.9155833721160889
0.9164000153541565
0.9173666834831238
0.916949987411499
0.9180166721343994
0.9176332950592041
0.9178666472434998
0.9172000288963318
0.9174833297729492
0.9168500304222107
0.9177666902542114
0.9178333282470703
0.9186499714851379
0.9181999564170837
0.9187166690826416
0.9193666577339172
0.918999969959259
0.9197666645050049
0.9185333251953125
0.9177833795547485
0.9188666939735413
0.9198666214942932
0.9200166463851929
0.9203166365623474
0.9202666282653809
0.9202666282653809
0.9207499623298645
0.9208999872207642
0.9211500287055969
0.9211166501045227
0.9213999509811401
0.9214999675750732
0.9216499924659729
0.9225165843963623
0.9228999614715576
0.9228500127792358
0.9232999682426453
0.9226666688919067
0.923133373260498
0.9239499568939209
0.9234167337417603
0.9236000180244446
0.9238833785057068
0.9241999983787537
0.9243167042732239
0.9244832992553711
0.9238833785057068
0.9240833520889282
0.9242666959762573
0.9249666333198547
0.9247666597366333
0.9246833324432373
0.9253833889961243
0.925433337688446
0.925083339214325
0.925516664981842
0.9255333542823792
0.9263499975204468
0.9261167049407959
0.9264333844184875
0.9259999990463257
0.9266833066940308
0.9273500442504883
0.9268500208854675
0.9280166625976562
0.9276000261306763
0.9280833601951599
0.9277666211128235
0.9279999732971191
0.9280666708946228
0.9288166761398315
0.9284999966621399
0.9291166663169861
0.9302833080291748
0.9304499626159668
0.9299333095550537
0.9290833473205566
0.9300000071525574
0.9298499822616577
0.9299999475479126
0.9303166270256042
0.9302666783332825
0.9297500252723694
0.9309166073799133
0.9305832982063293
0.930649995803833
0.9306833148002625
0.9309666752815247
0.930899977684021
0.9314666986465454
0.9313000440597534
0.9312666654586792
0.9316666722297668
0.9314999580383301
0.9317166805267334
0.9321666955947876
0.9324166774749756
0.9323999881744385
0.933150053024292
0.9327666759490967
0.9329999685287476
0.9330166578292847
0.9330666661262512
0.9329833388328552
0.9336999654769897
0.9333833456039429
0.9328500032424927
0.9330500364303589
0.9331666231155396
0.9334999918937683
0.9342333078384399
0.9331833720207214
0.9341166019439697
0.9337166547775269
0.9339500665664673
0.934166669845581
0.9339333772659302
0.9353500008583069
0.9353499412536621
0.9350666403770447
0.9353833198547363
0.9354332685470581
0.935533344745636
0.9360499382019043
0.9354666471481323
0.9359333515167236
0.9358333349227905
0.9361333250999451
0.9368499517440796
0.9362499713897705
0.9364166259765625
0.9358500242233276
0.9366500377655029
0.9362167119979858
0.9365166425704956
0.9359000325202942
0.9368667006492615
0.9370833039283752
0.937000036239624
0.9365167021751404
0.9371500015258789
0.9375
0.9373499751091003
0.9376833438873291
0.9383500218391418
0.9380500316619873
0.9383333325386047
0.9387833476066589
0.9384166598320007
0.9385833740234375
0.9382666945457458
0.9388666749000549
0.9394000172615051
0.939050018787384
0.9394166469573975
0.9388500452041626
0.9390166997909546
0.9392333030700684
0.939300000667572
0.9393166899681091
0.9388333559036255
0.9396500587463379
0.9390499591827393
0.9395666122436523
0.9392833113670349
0.9394833445549011
0.9397333264350891
0.9402833580970764
0.9402000308036804
0.9402166604995728
0.9401333332061768
0.9404666423797607
0.9407333135604858
0.9412333965301514
0.9412166476249695
0.9407666921615601
0.94118332862854
0.9414833784103394
0.9413833618164062
0.941516637802124
0.9410333633422852
0.9413166046142578
0.9415333271026611
0.9410833120346069
0.9409666657447815
0.9415666460990906
0.9419000148773193
0.9420000314712524
0.9420666694641113
0.9420499801635742
0.9423999786376953
0.9422500133514404
0.9423333406448364
0.9424999952316284
0.9427833557128906
0.9431666135787964
0.9428833723068237
0.9431666135787964
0.9434499740600586
0.9437167048454285
0.9432166814804077
0.9431333541870117
0.9432833194732666
0.9434167146682739
0.9433333277702332
0.9429832696914673
0.9434167146682739
0.9437833428382874
0.9439500570297241
0.9433667063713074
0.9438666701316833
0.9439499974250793
0.9437000155448914
0.9436333179473877
0.944016695022583
0.9441333413124084
0.9448166489601135
0.9447333216667175
0.9446166753768921
0.9440000057220459
0.944433331489563
0.9450333118438721
0.9447166919708252
0.9447000026702881
0.9446167349815369
0.9447000026702881
0.9449500441551208
0.9450833201408386
0.9455832839012146
0.9452166557312012
0.9450333118438721
0.9458499550819397
0.9458999633789062
0.9463666677474976
0.9461333155632019
0.9458666443824768
0.9457833170890808
0.9457166194915771
0.9461666345596313
0.946399986743927
0.9467499852180481
0.9465333223342896
0.9472166895866394
0.9468500018119812
0.9471499919891357
0.9471166133880615
0.9472500085830688
0.9469166398048401
0.947866678237915
0.947516679763794
0.9474166631698608
0.9475833177566528
0.947433352470398
0.9477999806404114
0.9474833011627197
0.947516679763794
0.9481833577156067
0.9475833177566528
0.9478833079338074
0.9476000070571899
0.947616696357727
0.9476333260536194
0.9481166005134583
0.9488000273704529
0.948783278465271
0.9486833214759827
0.9479666352272034
0.9481333494186401
0.9484666585922241
0.9488500356674194
0.9485166668891907
0.9487666487693787
0.9487333297729492
0.9487333297729492
0.9483499526977539
0.9491166472434998
0.9490166902542114
0.9487500190734863
0.9491833448410034
0.9487666487693787
0.9490499496459961
0.9492166638374329
0.9488666653633118
0.9487667083740234
0.949483335018158
0.949483335018158
0.9495167136192322
0.9498499631881714
0.9492833614349365
0.9497666954994202
0.9494166374206543
0.9496999979019165
0.9497499465942383
0.9497666358947754
0.9495667219161987
0.9502833485603333
0.9501999616622925
0.9505499601364136
0.9497166872024536
0.9502166509628296
0.9504666924476624
0.9508166909217834
0.9505500197410583
0.9507166147232056
0.9512666463851929
0.9514166712760925
0.9511000514030457
0.9513833522796631
0.9508166313171387
0.9513500332832336
0.951533317565918
0.9511666893959045
0.9517666101455688
0.9515000581741333
0.9509166479110718
0.9516500234603882
0.9518166780471802
0.9516500234603882
0.9517667293548584
0.9512500166893005
0.9513166546821594
0.9518166780471802
0.952133297920227
0.9521167278289795
0.9520833492279053
0.9525333642959595
0.9524333477020264
0.9528332948684692
0.9529832601547241
0.9527666568756104
0.9528666734695435
0.9527666568756104
0.9529333114624023
0.9531833529472351
0.9524999856948853
0.9531500339508057
0.9531500339508057
0.9530667066574097
0.9534833431243896
0.9530999660491943
0.9537667036056519
0.9530166387557983
0.9527000188827515
0.9527333378791809
0.9527999758720398
0.9537500143051147
0.9536499977111816
0.9538832902908325
0.9536333084106445
0.9536166787147522
0.9536499977111816
0.9537000060081482
0.9540666937828064
0.9540666937828064
0.9543666839599609
0.953166663646698
0.9538333415985107
0.9542166590690613
0.9539000391960144
0.9541999697685242
0.9544000029563904
0.9540333151817322
0.9540333151817322
0.9541499614715576
0.9539999961853027
0.9538666605949402
0.9543499946594238
0.9548166394233704
0.9550999999046326
0.9549000263214111
0.9550999999046326
0.9555833339691162
0.9554166793823242
0.9560166597366333
0.9554499387741089
0.9555000066757202
0.9555000066757202
0.9551666975021362
0.9553166627883911
0.9555666446685791
0.95538330078125
0.9550166726112366
0.9557166695594788
0.9559333324432373
0.9552666544914246
0.9559333324432373
0.9558833241462708
0.9558500051498413
0.9559667110443115
0.9563000202178955
0.9562999606132507
0.9564332962036133
0.9562000036239624
0.9563166499137878
0.9568666815757751
0.9565999507904053
0.9562000036239624
0.9563333988189697
0.956933319568634
0.9567166566848755
0.9566666483879089
0.957099974155426
0.9567833542823792
0.9571166634559631
0.9569666981697083
0.9571666717529297
0.957383394241333
0.9574832916259766
0.9573500156402588
0.9574832916259766
0.9574333429336548
0.9578332901000977
0.9577999711036682
0.9574166536331177
0.9573000073432922
0.9570833444595337
0.9576499462127686
0.9576333165168762
0.9578666687011719
0.9575166702270508
0.9574499726295471
0.9573500156402588
0.9574333429336548
0.9574167132377625
0.9570666551589966
0.9573500156402588
0.9575333595275879
0.9578666687011719
0.9577999711036682
0.9581999778747559
0.9576500058174133
0.9577833414077759
0.9577499628067017
0.958050012588501
0.958133339881897
0.958383321762085
0.9583666324615479
0.9584499597549438
0.9584832787513733
0.9583166837692261
0.9584000110626221
0.958733320236206
0.9583666920661926
0.958733320236206
0.9584167003631592
0.9581833481788635
0.9587000012397766
0.9592000246047974
0.9589833617210388
0.9588333368301392
0.9589666724205017
0.9595667123794556
0.9594500064849854
0.959850013256073
0.9595999717712402
0.9598999619483948
0.9594000577926636
0.9595999717712402
0.9597833156585693
0.9605000019073486
0.9603333473205566
0.9603500366210938
0.9603833556175232
0.9604666829109192
0.9601666927337646
0.9599999785423279
0.9603167176246643
0.959933340549469
0.9600833654403687
0.9600000381469727
0.960099995136261
0.9610666632652283
0.9604499936103821
0.9602500200271606
0.9609832763671875
0.9610000252723694
0.9603666663169861
0.9603999853134155
0.9608833193778992
0.9603666663169861
0.9603333473205566
0.9606000185012817
0.9608833193778992
0.9609333276748657
0.9606666564941406
0.9611333608627319
0.9606333374977112
0.9611833095550537
0.9606833457946777
0.961233377456665
0.9613333344459534
0.9611000418663025
0.9613500237464905
0.9610666632652283
0.9614499807357788
0.9613000154495239
0.961483359336853
0.9616333246231079
0.9618666768074036
0.9616666436195374
0.9620000123977661
0.9622167348861694
0.9618666768074036
0.9618333578109741
0.9615999460220337
0.9618833065032959
0.9622000455856323
0.961816668510437
0.962316632270813
0.9621666669845581
0.9621666669845581
0.9621833562850952
0.9624332785606384
0.9621166586875916
0.9627500176429749
0.9626833200454712
0.9622666835784912
0.9626500010490417
0.9623333215713501
0.9626833200454712
0.9628499746322632
0.9624166488647461
0.9631833434104919
0.9630666375160217
0.9626166820526123
0.9622833132743835
0.9627333283424377
0.9629166722297668
0.9626666307449341
0.9628832936286926
0.9625499844551086
0.9629000425338745
0.9631333351135254
0.9632666707038879
0.9633499383926392
0.9634666442871094
0.9634333252906799
0.9636667370796204
0.9637833833694458
0.9637166261672974
0.9637166261672974
0.9640166759490967
0.9637166857719421
0.9637666344642639
0.9639166593551636
0.9639333486557007
0.9637666940689087
0.9638000130653381
0.963699996471405
0.9639000296592712
0.9642833471298218
0.9636833071708679
0.9641833305358887
0.9643833637237549
0.9642000198364258
0.9640166759490967
0.9641667008399963
0.9643332958221436
0.9646666049957275
0.9647666811943054
0.9642999768257141
0.9642999768257141
0.96465003490448
0.9644833207130432
0.9645666480064392
0.9645333290100098
0.9643666744232178
0.9647166728973389
0.9647833108901978
0.9645166397094727
0.9645666480064392
0.9648500084877014
0.9649999737739563
0.9651833772659302
0.9650167226791382
0.9650167226791382
0.9647499918937683
0.9650833606719971
0.9649166464805603
0.9650332927703857
0.965416669845581
0.9650333523750305
0.9652832746505737
0.9654666781425476
0.965416669845581
0.965316653251648
0.9653499722480774
0.9654666185379028
0.965499997138977
0.9653666615486145
0.965399980545044
0.9656999707221985
0.9655499458312988
0.9657166004180908
0.965666651725769
0.9656499624252319
0.9654666781425476
0.9659666419029236
0.9656166434288025
0.965399980545044
0.9657166004180908
0.9658000469207764
0.9661999940872192
0.9658166766166687
0.9660333395004272
0.9660000205039978
0.9659333825111389
0.9661833643913269
0.965999960899353
0.9660166501998901
0.9663166403770447
0.9655666351318359
0.9661500453948975
0.9666333198547363
0.9657666683197021
0.9664166569709778
0.9663166999816895
0.966249942779541
0.9663666486740112
0.9663000106811523
0.9660333395004272
0.9663500189781189
0.9660500288009644
0.9667500257492065
0.9663999676704407
0.9663166403770447
0.9665333032608032
0.9664499759674072
0.9666333198547363
0.9660833477973938
0.96670001745224
0.9667333364486694
0.9666000008583069
0.9662833213806152
0.9666999578475952
0.9668000340461731
0.9668166637420654
0.966949999332428
0.9673333764076233
0.9674999713897705
0.9670667052268982
0.9670833349227905
0.9674999713897705
0.9671332836151123
0.967283308506012
0.9676666855812073
0.9672166705131531
0.9674333333969116
0.9674333333969116
0.9672833681106567
0.967366635799408
0.9676833152770996
0.9677332639694214
0.9675833582878113
0.9679000377655029
0.9677666425704956
0.968000054359436
0.9682832956314087
0.9678999781608582
0.9680666327476501
0.9677000045776367
0.9679166674613953
0.9680166840553284
0.9679333567619324
0.9681500196456909
0.9684833288192749
0.9683000445365906
0.9681832790374756
0.9685166478157043
0.9680500030517578
0.968416690826416
0.9681999683380127
0.9686833620071411
0.9682833552360535
0.968500018119812
0.9686833024024963
0.9686166644096375
0.9687166213989258
0.9684000015258789
0.9686999320983887
0.968999981880188
0.9687000513076782
0.9685166478157043
0.968583345413208
0.9685333967208862
0.9685167074203491
0.9689832925796509
0.9689333438873291
0.9686999917030334
0.9688500165939331
0.969083309173584
0.9688666462898254
0.96875
0.9690499901771545
0.96875
0.968833327293396
0.9686333537101746
0.9692666530609131
0.9690999984741211
0.969249963760376
0.9694166779518127
0.9694166779518127
0.9695667028427124
0.9692333340644836
0.96916663646698
0.9695166945457458
0.9694000482559204
0.9690666794776917
0.9692666530609131
0.9691833853721619
0.9692833423614502
0.9694333076477051
0.9692833423614502
0.9696666598320007
0.969499945640564
0.9694166779518127
0.9693333506584167
0.9692833423614502
0.96958327293396
0.9697667360305786
0.9698333144187927
0.9695500135421753
0.9697833061218262
0.9696500301361084
0.9694666862487793
0.9694499969482422
0.9696166515350342
0.9694666862487793
0.9696999788284302
0.9698333740234375
0.9697500467300415
0.9695000648498535
0.969933271408081
0.9702000617980957
0.9699499607086182
0.970099925994873
0.9699000120162964
0.9700666666030884
0.9699499607086182
0.970216691493988
0.9699000120162964
0.9700499773025513
0.9702333211898804
0.970300018787384
0.9704833030700684
0.9704000353813171
0.9700499773025513
0.9704833626747131
0.970466673374176
0.9705666303634644
0.9708333611488342
0.9708000421524048
0.9706666469573975
0.970633327960968
0.9709333181381226
0.9707499742507935
0.9707499742507935
0.9709166288375854
0.9705666303634644
0.9709833264350891
0.970883309841156
0.9710666537284851
0.9709166288375854
0.9708999395370483
0.9708333611488342
0.9708499908447266
0.970883309841156
0.9710833430290222
0.9712499976158142
0.9709999561309814
0.9711333513259888
0.9710667133331299
0.9713166356086731
0.970966637134552
0.9711666703224182
0.9708666801452637
0.9708999991416931
0.9710999727249146
0.9708499908447266
0.9706667065620422
0.9707666635513306
0.9712666273117065
0.9712166786193848
0.9707833528518677
0.9711833000183105
0.97079998254776
0.970966637134552
0.9711666703224182
0.9716166257858276
0.9715499877929688
0.9708333015441895
0.971333384513855
0.9711666703224182
0.9715499877929688
0.9713667035102844
0.9716666340827942
0.9714332818984985
0.9714166522026062
0.9714332818984985
0.971750020980835
0.9716500043869019
0.9717333316802979
0.9717666506767273
0.971500039100647
0.971833348274231
0.9720666408538818
0.9720166325569153
0.9715999960899353
0.9716999530792236
0.972350001335144
0.9720999598503113
0.9723333120346069
0.9721333384513855
0.9721666574478149
0.9723166227340698
0.9718499779701233
0.9723833799362183
0.972266674041748
0.9719333648681641
0.9717999696731567
0.972599983215332
0.9720166921615601
0.9718833565711975
0.9722833037376404
0.9724166393280029
0.9721832871437073
0.972516655921936
0.9723666906356812
0.9728666543960571
0.972683310508728
0.9726666808128357
0.9724833369255066
0.9722166657447815
0.9723333120346069
0.9724166393280029
0.9722666144371033
0.9724999666213989
0.9724666476249695
0.9723666310310364
0.9725832939147949
0.972933292388916
0.9728166460990906
0.9725832939147949
0.972683310508728
0.9728333353996277
0.9724166989326477
0.9726666808128357
0.972599983215332
0.9728667140007019
0.9727166891098022
0.972516655921936
0.9726333618164062
0.97284996509552
0.9729167222976685
0.9727833271026611
0.9726333618164062
0.9728500247001648
0.9727333784103394
0.9729166626930237
0.9729000329971313
0.9726499915122986
0.9728833436965942
0.97284996509552
0.9733166694641113
0.9728000164031982
0.973300039768219
0.9733166694641113
0.9730166792869568
0.9733833074569702
0.9733166694641113
0.9734666347503662
0.9735000133514404
0.9735833406448364
0.9734666347503662
0.9735666513442993
0.9732999801635742
0.9732333421707153
0.9739000797271729
0.9737166166305542
0.9736166596412659
0.9731667041778564
0.9735332727432251
0.973550021648407
0.9736166596412659
0.9734500050544739
0.9737167358398438
0.9737499952316284
0.9737499952316284
0.973800003528595
0.9736833572387695
0.9736999869346619
0.9737833738327026
0.9735666513442993
0.9738500118255615
0.9738333225250244
0.9742333292961121
0.9741333723068237
0.9739166498184204
0.9739000201225281
0.9740666747093201
0.9737833738327026
0.9739333391189575
0.9738000631332397
0.9735499620437622
0.973800003528595
0.9739333391189575
0.9740999937057495
0.9741499423980713
0.9738999605178833
0.9739000201225281
0.973800003528595
0.9743166565895081
0.9741000533103943
0.9739333391189575
0.9742333292961121
0.9740333557128906
0.9741166234016418
0.9741833209991455
0.9742166996002197
0.9740666747093201
0.9739333391189575
0.9742332696914673
0.9743666648864746
0.9743499755859375
0.9743333458900452
0.974216639995575
0.9743999242782593
0.9744666814804077
0.9745333194732666
0.9742000102996826
0.9745500087738037
0.9744666814804077
0.974566638469696
0.9743000268936157
0.9745333194732666
0.9745333194732666
0.974850058555603
0.9746500253677368
0.974733293056488
0.9742000102996826
0.9749999642372131
0.9747999906539917
0.9743500351905823
0.9745500087738037
0.9746000170707703
0.9744666814804077
0.9750000238418579
0.9747166633605957
0.9746833443641663
0.9746500253677368
0.9744499921798706
0.9747999906539917
0.9748499989509583
0.9744666814804077
0.9750666618347168
0.974399983882904
0.974850058555603
0.9749166369438171
0.9746832847595215
0.9746666550636292
0.9748666882514954
0.975016713142395
0.9747999906539917
0.9751666188240051
0.9746500253677368
0.9747833013534546
0.9749166369438171
0.9746333360671997
0.9745833277702332
0.9749833345413208
0.9750832915306091
0.9751333594322205
0.9749667048454285
0.9754666090011597
0.9752333164215088
0.9752166271209717
0.9747833609580994
0.9747333526611328
0.9752999544143677
0.9750499725341797
0.9752500057220459
0.9749666452407837
0.975266695022583
0.975350022315979
0.9752000570297241
0.9755499958992004
0.9753499627113342
0.975266695022583
0.9753000140190125
0.9757000207901001
0.9759666919708252
0.9752166271209717
0.9756499528884888
0.9755333065986633
0.9756166934967041
0.975849986076355
0.9759166836738586
0.9755666851997375
0.9760333299636841
0.9754833579063416
0.976016640663147
0.9757667183876038
0.9760499596595764
0.975766658782959
0.9760333299636841
0.9761666059494019
0.9759166240692139
0.9760500192642212
0.976266622543335
0.976433277130127
0.9761332869529724
0.9766499996185303
0.9764166474342346
0.9765999913215637
0.9764500856399536
0.9766000509262085
0.9765332937240601
0.9763333201408386
0.9765499830245972
0.9764333963394165
0.9761333465576172
0.9760499596595764
0.9763833284378052
0.9762333631515503
0.9764833450317383
0.9763000011444092
0.9767333269119263
0.9764333367347717
0.9764666557312012
0.9765833616256714
0.9767333269119263
0.9764832854270935
0.9767999649047852
0.9764999747276306
0.9767333269119263
0.9763666987419128
0.9768333435058594
0.9764333367347717
0.9765999913215637
0.9764333963394165
0.9766833186149597
0.9764666557312012
0.9767666459083557
0.9767333269119263
0.9765499830245972
0.9766167402267456
0.9765666723251343
0.9768166542053223
0.9765666723251343
0.9766833782196045
0.9765999913215637
0.9769166707992554
0.9766333699226379
0.9764666557312012
0.9769333004951477
0.9768500328063965
0.9768000245094299
0.9768332839012146
0.9770833253860474
0.9767333269119263
0.9772332906723022
0.977066695690155
0.9769499897956848
0.9769999384880066
0.9773000478744507
0.977066695690155
0.977150022983551
0.9771666526794434
0.9771833419799805
0.9769999980926514
0.976983368396759
0.977066695690155
0.9773333668708801
0.9771833419799805
0.9771499633789062
0.9770333766937256
0.9769999980926514
0.9769333004951477
0.9773833155632019
0.9773833155632019
0.9775166511535645
0.9771167039871216
0.9773499965667725
0.9777166843414307
0.9775665998458862
0.9775167107582092
0.9772332906723022
0.9773499965667725
0.977483332157135
0.9772500395774841
0.977483332157135
0.977400004863739
0.9775000214576721
0.977233350276947
0.9771833419799805
0.9775999784469604
0.9774333238601685
0.9776833057403564
0.9776999950408936
0.9775999784469604
0.9779499769210815
0.9778833389282227
0.9778333306312561
0.9782500267028809
0.9780999422073364
0.9781666994094849
0.9777333736419678
0.9780666828155518
0.9779666662216187
0.9776833057403564
0.9776999950408936
0.9779999852180481
0.9781500101089478
0.9779666662216187
0.9778333902359009
0.9778332710266113
0.9778333902359009
0.9780166745185852
0.9777666926383972
0.9781833291053772
0.9778333306312561
0.9779166579246521
0.9779165983200073
0.9778000116348267
0.9781333208084106
0.9779167175292969
0.978350043296814
0.9781333208084106
0.9782166481018066
0.9780333042144775
0.9781166315078735
0.9781500101089478
0.9782166481018066
0.9782833456993103
0.9784833192825317
0.9781666398048401
0.9782666563987732
0.9782166481018066
0.9782333374023438
0.978516697883606
0.9780833721160889
0.9781500101089478
0.9782666563987732
0.978516697883606
0.9781333208084106
0.9782166481018066
0.9785667061805725
0.978600025177002
0.9787833094596863
0.9784833788871765
0.9781000018119812
0.9784833192825317
0.9785500168800354
0.9781500101089478
0.9784166812896729
0.9781666994094849
0.9781666398048401
0.9783999919891357
0.9781333208084106
0.9782167077064514
0.978600025177002
0.9785500168800354
0.9785500168800354
0.9784666895866394
0.9786499738693237
0.9784666895866394
0.9783666729927063
0.9786500334739685
0.9786666631698608
0.9788166284561157
0.9786999821662903
0.9786333441734314
0.9783166646957397
0.9788333177566528
0.9790500402450562
0.978950023651123
0.9787499904632568
0.9790166616439819
0.9790167212486267
0.979116678237915
0.9790000319480896
0.9791499972343445
0.979283332824707
0.9789999723434448
0.9790499210357666
0.9791667461395264
0.9790499806404114
0.9792500138282776
0.9790999889373779
0.9792166352272034
0.9791999459266663
0.979116678237915
0.978866696357727
0.9789000749588013
0.9794333577156067
0.9789832830429077
0.978766679763794
0.9789166450500488
0.9792500138282776
0.9792500734329224
0.9792667031288147
0.9789999723434448
0.979116678237915
0.9790499806404114
0.978783369064331
0.979116678237915
0.9790166616439819
0.9787166714668274
0.9790499806404114
0.9792333245277405
0.9788999557495117
0.9790666699409485
0.9789499640464783
0.9790666699409485
0.979116678237915
0.9792666435241699
0.9793999791145325
0.9794000387191772
0.9794166684150696
0.9791666865348816
0.9791833758354187
0.978950023651123
0.979283332824707
0.9793500900268555
0.9793833494186401
0.9790999889373779
0.979283332824707
0.9791333675384521
0.979116678237915
0.9790499806404114
0.9792999625205994
0.9793832898139954
0.9795166850090027
0.9793167114257812
0.9789999723434448
0.9791833758354187
0.979200005531311
0.9791500568389893
0.9794999957084656
0.979366660118103
0.979449987411499
0.9793166518211365
0.9794833660125732
0.9792999625205994
0.9796833395957947
0.9796333312988281
0.9796666502952576
0.979366660118103
0.9796833395957947
0.9799500107765198
0.9796000123023987
0.9800000190734863
0.9796833395957947
0.9798666834831238
0.9797666072845459
0.9800999760627747
0.9797666072845459
0.9798333644866943
0.9797500371932983
0.979949951171875
0.9800666570663452
0.9800500273704529
0.9798333644866943
0.979866623878479
0.9800499677658081
0.9796666502952576
0.9803666472434998
0.9801332950592041
0.9800499677658081
0.9802000522613525
0.9800833463668823
0.9802500009536743
0.9799833297729492
0.9801332950592041
0.9800000190734863
0.9801166653633118
0.9800166487693787
0.9798499345779419
0.980316698551178
0.9801833629608154
0.9799166917800903
0.9800167083740234
0.9801999926567078
0.9805333018302917
0.9802500009536743
0.9802666306495667
0.9802500009536743
0.9800000190734863
0.9802666902542114
0.9800167083740234
0.9810667037963867
0.9802333116531372
0.9804166555404663
0.9802666902542114
0.9800666570663452
0.9803000092506409
0.9803832769393921
0.9801666736602783
0.9804500341415405
0.9804333448410034
0.9804666638374329
0.9807832837104797
0.9805166721343994
0.9807333946228027
0.9804999828338623
0.9808500409126282
0.9805833101272583
0.9806666970252991
0.9805999994277954
0.9804500341415405
0.9807000160217285
0.9807832837104797
0.9804666638374329
0.9806166887283325
0.980650007724762
0.9810999631881714
0.9809499979019165
0.9804832935333252
0.980650007724762
0.9807999730110168
0.9807833433151245
0.980650007724762
0.9808333516120911
0.9807167053222656
0.980816662311554
0.9812333583831787
0.9808499813079834
0.9810666441917419
0.9810166358947754
0.9812833666801453
0.9809166789054871
0.9809666872024536
0.9810000658035278
0.981083333492279
0.9810166954994202
0.9813833236694336
0.9810333251953125
0.9808999300003052
0.9812999963760376
0.9811166524887085
0.9816499948501587
0.9814666509628296
0.9812999963760376
0.981166660785675
0.9813666343688965
0.9812166094779968
0.9809333086013794
0.9816166758537292
0.9812666177749634
0.9813833236694336
0.9812999963760376
0.9812999963760376
0.9814833402633667
0.9813333749771118
0.9812833070755005
0.9815499782562256
0.9815666675567627
0.9813332557678223
0.9815000295639038
0.9815999269485474
0.981333315372467
0.9816000461578369
0.9814000129699707
0.9812999963760376
0.9814666509628296
0.9812833666801453
0.9815500378608704
0.9812666773796082
0.9814833402633667
0.9814666509628296
0.9812999963760376
0.9816166758537292
0.9817166924476624
0.9816166162490845
0.9815833568572998
0.9814332723617554
0.9815666675567627
0.9816999435424805
0.981249988079071
0.9814333915710449
0.9815499782562256
0.9815332889556885
0.9815167188644409
0.9813666343688965
0.9816666841506958
0.9815499782562256
0.9818999767303467
0.9814333319664001
0.9814167022705078
0.9815833568572998
0.9815333485603333
0.9812999963760376
0.9815666675567627
0.9817333817481995
0.981416642665863
0.9817833304405212
0.9815999865531921
0.9817166328430176
0.9819333553314209
0.9815666675567627
0.9817667007446289
0.9816333055496216
0.9816166758537292
0.9817333221435547
0.9817500114440918
0.9816666841506958
0.9819166660308838
0.9816666841506958
0.9818999767303467
0.9817833304405212
0.9818333387374878
0.9815166592597961
0.981950044631958
0.9815666079521179
0.9816499948501587
0.9820500016212463
0.9817667007446289
0.9818999767303467
0.982033371925354
0.9818999767303467
0.9821333289146423
0.9822166562080383
0.9817333221435547
0.9819833636283875
0.9819166660308838
0.9821332693099976
0.982033371925354
0.9818999767303467
0.9821333289146423
0.9821499586105347
0.9819166660308838
0.9821333885192871
0.9822166562080383
0.9821667075157166
0.9821667075157166
0.9820666313171387
0.9817833304405212
0.9820500016212463
0.9819666743278503
0.9821833372116089
0.9822499752044678
0.9821166396141052
0.98211669921875
0.9822666645050049
0.9823833703994751
0.9822499752044678
0.9824000597000122
0.9822499752044678
0.9822167158126831
0.982366681098938
0.9823833703994751
0.9825000166893005
0.98211669921875
0.9824166297912598
0.9824000000953674
0.9822666645050049
0.9821666479110718
0.9823000431060791
0.9823166728019714
0.9826666116714478
0.9822333455085754
0.9824166893959045
0.9824166297912598
0.982366681098938
0.9821667075157166
0.9820833802223206
0.982200026512146
0.9824832677841187
0.982283353805542
0.9822666645050049
0.9823333024978638
0.98253333568573
0.9820166826248169
0.9822333455085754
0.9821499586105347
0.9823000431060791
0.9825166463851929
0.98253333568573
0.9822167158126831
0.9826333522796631
0.982616662979126
0.98253333568573
0.9823999404907227
0.9826666712760925
0.9827666282653809
0.9825500249862671
0.9825000166893005
0.9825666546821594
0.9823833703994751
0.9825832843780518
0.9827166795730591
0.982366681098938
0.9827499985694885
0.9823000431060791
0.9825666546821594
0.9825832843780518
0.982783317565918
0.9825666546821594
0.9825666546821594
0.9828500151634216
0.9825499653816223
0.982866644859314
0.9826332926750183
0.982783317565918
0.9825667142868042
0.9825999736785889
0.9828166961669922
0.9828833341598511
0.9828000068664551
0.982699990272522
0.9830166697502136
0.9828499555587769
0.9829666614532471
0.9829000234603882
0.9825500249862671
0.9827332496643066
0.9828667044639587
0.9830166697502136
0.9828166961669922
0.9826833009719849
0.982783317565918
0.9828333854675293
0.9829333424568176
0.9827666878700256
0.9829833507537842
0.9827499985694885
0.9828833341598511
0.9830833673477173
0.9826666712760925
0.9830666184425354
0.98294997215271
0.9829833507537842
0.982783317565918
0.9827333688735962
0.982866644859314
0.9828833341598511
0.9824000597000122
0.983033299446106
0.982783317565918
0.98294997215271
0.9830333590507507
0.983199954032898
0.9829333424568176
0.9828333258628845
0.9830499887466431
0.9830833077430725
0.9828166365623474
0.98294997215271
0.98294997215271
0.9831500053405762
0.9830499887466431
0.9829666614532471
0.9829333424568176
0.9833666682243347
0.9833333492279053
0.9835166335105896
0.9832667112350464
0.9834833741188049
0.9831500053405762
0.9835000038146973
0.983116626739502
0.9831666946411133
0.9832000136375427
0.9832333326339722
0.9834166765213013
0.9834166169166565
0.9834000468254089
0.9835666418075562
0.9832500219345093
0.9834833741188049
0.9836666584014893
0.9834166765213013
0.9836333394050598
0.9835833311080933
0.9834166765213013
0.9837499856948853
0.9836166501045227
0.9834833145141602
0.9835666418075562
0.9835166335105896
0.9837999939918518
0.9837499856948853
0.9837166666984558
0.9836666584014893
0.98375004529953
0.9836833477020264
0.9834666848182678
0.9837333559989929
0.9836333394050598
0.9836832880973816
0.9838500618934631
0.9839666485786438
0.9836167097091675
0.9840499758720398
0.9838166832923889
0.9840666651725769
0.9838333129882812
0.9838833212852478
0.9837332963943481
0.9836666584014893
0.9838666915893555
0.9835999608039856
0.9837499856948853
0.9839000105857849
0.9837666749954224
0.9840666055679321
0.9839500188827515
0.9839500188827515
0.9838166236877441
0.9836833477020264
0.9841333031654358
0.9837332963943481
0.9840666651725769
0.9839833974838257
0.9840666651725769
0.9837499856948853
0.9838166236877441
0.983916699886322
0.9838666915893555
0.984083354473114
0.9842333197593689
0.9842166900634766
0.9842333793640137
0.9838999509811401
0.9841833710670471
0.9842000007629395
0.9840499758720398
0.9842000007629395
0.9839499592781067
0.9842166900634766
0.9843499660491943
0.9840999841690063
0.9841833114624023
0.9842166900634766
0.9840499758720398
0.9843167066574097
0.9841833114624023
0.9844333529472351
0.9843667149543762
0.9842000007629395
0.9842999577522278
0.9842499494552612
0.9842166304588318
0.9846166372299194
0.9841333627700806
0.9844332933425903
0.9844167232513428
0.9843666553497314
0.9841833710670471
0.9841499924659729
0.9842166900634766
0.9839333295822144
0.9843833446502686
0.9841166734695435
0.9843000173568726
0.9844833016395569
0.9844833612442017
0.9845833778381348
0.9844499826431274
0.9845333695411682
0.9844332933425903
0.9844499826431274
0.9844833016395569
0.9844833016395569
0.9844833612442017
0.984499990940094
0.9844499826431274
0.9843833446502686
0.9845666885375977
0.9845166206359863
0.9846333265304565
0.9844167232513428
0.9847500324249268
0.9845499992370605
0.9846833348274231
0.9850999116897583
0.9847166538238525
0.9845166802406311
0.9847500324249268
0.984499990940094
0.9847166538238525
0.9848666191101074
0.9850167036056519
0.9846667051315308
0.9847500324249268
0.9846833348274231
0.98458331823349
0.9846500158309937
0.9849166870117188
0.9847833514213562
0.9848166704177856
0.9846667051315308
0.9846500158309937
0.9848166704177856
0.9846500158309937
0.9848333597183228
0.9848999977111816
0.9846333265304565
0.9848333597183228
0.9846667051315308
0.9847832918167114
0.9847666621208191
0.9848499894142151
0.9847332835197449
0.9849500060081482
0.9848000407218933
0.9851833581924438
0.9850833415985107
0.9848833084106445
0.9850332736968994
0.9851000308990479
0.9849000573158264
0.9850833415985107
0.9852499961853027
0.9850167036056519
0.9852333068847656
0.9850833415985107
0.9850167036056519
0.9850167036056519
0.9849166870117188
