2.295207912639036
2.216634718038268
2.101070080773305
1.8721626411050052
1.5909617795782574
1.3981336173364671
1.2466309110997087
1.1137628070378707
1.0069026623742054
0.9318898087840969
0.8719214746507548
0.8373269549870895
0.795367806644763
0.7432821241475768
0.7157499668961864
0.6808148400258209
0.6486528687557932
0.624936249296544
0.6058348316257283
0.5899720919334283
0.5732063681392346
0.5570892075360832
0.5407681545968783
0.5304868019233315
0.5226117473537639
0.5109826104115631
0.4989991592148603
0.49002078428106793
0.4799930443197994
0.47241307921328785
0.46364852129402806
0.45425453832594015
0.44619033296229477
0.44177307516841563
0.43444681975801114
0.4286099126783468
0.4205419572733216
0.4148176160909362
0.41032138113248146
0.40588126748295156
0.4000096725205244
0.3932695227154231
0.38276960081973316
0.37529004630395923
0.3697443170062566
0.36263301008838716
0.3542209560588255
0.34848268153303763
0.34401470119670285
0.3399018756413864
0.3355004262115996
0.33172749664823886
0.3263733427403337
0.32161702948101495
0.31807650549937105
0.31447756492485435
0.3121301036770061
0.30837275618213716
0.30445955567440747
0.3009926424188129
0.29614306304414395
0.2923004990917141
0.2892874054989572
0.2861840199615996
0.2844508219573457
0.2827003608315678
0.2794654975503178
0.27622766009831834
0.27386678275415455
0.27159525984424654
0.2683750087932005
0.2661667193396617
0.2638806650194071
0.2604265697931839
0.25800572411488676
0.25612871525651315
0.25412034180204746
0.25272162485930877
0.2500265412411447
0.24739278373071702
0.246197377221059
0.24411563550011586
0.24286005052469545
0.24131610029834813
0.2400375624834481
0.2381758609060514
0.23588623434810316
0.23386766142764334
0.2313094058279264
0.2291088104248047
0.22773147841631355
0.2267065209857488
0.22496094137935316
0.22330812680519233
0.22202638852394233
0.22041614985061905
0.21848337529069287
0.21673706830558132
0.21492932206493312
0.21355892440020027
0.21237652988757116
0.21104416604769433
0.20924720117601298
0.2078028048499156
0.2067626532861742
0.2051794731010825
0.2031569400076139
0.20180175264002914
0.20092488951602225
0.19968103958388506
0.19858665789588023
0.19764205156746556
0.19613417932542704
0.19476289264226365
0.19362216884807004
0.1926038063178628
0.19191373404809983
0.19065847235210873
0.18951975289037673
0.18885764429124735
0.1876197427006091
0.18655023736468815
0.1850024239491608
0.18421003374002748
0.18310202582407806
0.18209400823560812
0.1810237108650854
0.17997075743594412
0.17853185686014467
0.1775820134049755
0.1763895002462096
0.1755088709168515
0.17471053236621922
0.17389122914459745
0.17304444717148604
0.17234217110326736
0.1715360253544177
0.17074630220057602
0.16969887684967558
0.1689170255499371
0.16796543638584976
0.16723388736530886
0.166447881924904
0.165587473723848
0.16500022047657079
0.1643462585190595
0.16360118025440282
0.16281758324574616
0.16201719187073788
0.1614976979918399
0.16073923595881057
0.1600572295108084
0.15942272897494042
0.15892937223790055
0.15848297183796511
0.1580582796517065
0.1569303577229128
0.15580062542931508
0.15499842368950278
0.15436744689941406
0.153745958360575
0.15307455547785354
0.15262012158410024
0.15186678353002517
0.15130833447989772
0.1505993341995498
0.14976202431371657
0.14910529831708488
0.14856309405827928
0.14781017626746226
0.14725885552875065
0.14696447728043896
0.1463582475306624
0.14570614442986957
0.14536034858832925
0.1448855642545021
0.14441593622757218
0.1438252077264301
0.14323759887178064
0.14229889239295054
0.14193667395640228
0.1414995840040304
0.1411026291928049
0.14083315962452
0.14033742678367486
0.13978211354401152
0.1392770864195743
0.1386356677039195
0.13816174006058
0.13768837815624171
0.13718747284452795
0.1363335463960292
0.13556473942126257
0.13486205925375727
0.13432556895886438
0.13392516313973118
0.13321732666532873
0.13271144285040387
0.13228794679803363
0.1320143796629825
0.13161704499842758
0.13118566092798264
0.13066184318671792
0.13024708376092425
0.12980661553851627
0.1290185734377069
0.12849129660654876
0.1281230975005586
0.127770035953845
0.12721448833659543
0.12658279224977656
0.12617997799889516
0.12569422641042935
0.1252501051304704
0.12465785721601066
0.1244073399042679
0.12405031010255975
0.12350833213935464
0.12307081384173894
0.12271868172338453
0.12248168557377184
0.122050721766585
0.12150602017418813
0.12112580315541413
0.12093029992055085
0.12054476495516503
0.11990740339634783
0.1198200290485964
0.11933240243944071
0.11913650318727655
0.1187528674885378
0.11857866836806476
0.11818404116873014
0.11791360176215737
0.11756443573256671
0.11719092676195048
0.1166786743422686
0.11620882810172388
0.11584106542296328
0.11550313335354045
0.1151990486403643
0.1148652545476364
0.11448771266613976
0.11420187707674706
0.11390496916690115
0.11340870291499769
0.11313103821318028
0.11280798507949054
0.11242494744769597
0.11222464351330773
0.111906479980986
0.11149661823854608
0.11118643162614208
0.11079043048923298
0.11047726970607952
0.11017392853559074
0.10988658969685183
0.10949690867278536
0.10923777596425202
0.10887212268376754
0.10848195674055713
0.10814716856358415
0.10786143804000596
0.10759884624157921
0.10728272745164774
0.10704950558937203
0.10685606326087047
0.10655327166541148
0.10620132543272891
0.10598650625196554
0.10554887480654959
0.10519763170662573
0.10495329711396816
0.10475132020853334
0.10437750412245929
0.1041397321022163
0.1039684505785926
0.10359006008859407
0.10328026949349096
0.10316600637920832
0.1027955039072845
0.1026601791381836
0.10231949919361179
0.1019339965561689
0.10178813287767313
0.10153748625415866
0.10118771407563808
0.1009476871813758
0.10075274968551377
0.10054728136224261
0.10032291735632945
0.10019462391481561
0.09976242356381174
0.0994860277337543
0.09922421180595786
0.09892803127482785
0.09859917527538235
0.09832487267962957
0.09800824472459696
0.09785647311453093
0.09765311418953589
0.09745855654700328
0.0972032708636785
0.09688695810608945
0.09668232222734871
0.096292528055482
0.09602756015324997
0.09591044409800384
0.09563964908405886
0.0953954922950874
0.09522588374251026
0.09499276694604906
0.0947518429513705
0.09457450802043332
0.0943547911563162
0.09421920776367188
0.09403073585639565
0.09368906990956452
0.09355147410247286
0.09329058760303562
0.09307997913683876
0.09298690698914609
0.09269321570962162
0.09235386929269564
0.09221630581354691
0.09203862335722325
0.0917726209608175
0.09156750824491856
0.09127043869535802
0.09111256518606413
0.09092367301552982
0.09057691541768736
0.09045497441695909
0.09017545085842327
0.08987374224905241
0.08969179250426211
0.0894247960236113
0.08919095184843419
0.08887653027550649
0.08883099636789095
0.08857188790531481
0.08832653498245498
0.0882178241923704
0.0880309848462121
0.08788464433055813
0.08752637798503293
0.0872907961829234
0.08709267438468286
0.08678668232287391
0.08654837689157259
0.08630884299843998
0.08612350690162789
0.08601265438532425
0.08580274096990036
0.08553957535048663
0.08547251103288037
0.08523272659819005
0.08508933600732836
0.08484922829320875
0.08468244035365217
0.08453723131600073
0.08437626240617138
0.08417184474104542
0.0840028665833554
0.08394936383780786
0.08367253966250662
0.08358935986535024
0.08346128463745117
0.08311491497492386
0.08293594748286878
0.08278251906572762
0.08264245017100189
0.08244700351003874
0.08230236021138854
0.08214702444561457
0.08194110353114241
0.08178181567434538
0.08153552524114059
0.0814020835747153
0.08123137587207858
0.0811345375190347
0.08092167417881853
0.0807267366829565
0.08057603997699285
0.08040850041276318
0.08022892677177818
0.08009329488721945
0.07991532147940943
0.07958517236224676
0.07946487200462211
0.07930181794247385
0.07907788228180448
0.07897138595581055
0.07878449003575212
0.0785625910354873
0.07830968953795352
0.07811105857461186
0.07798312882245598
0.07787466049194336
0.07771170341362388
0.0775571677644374
0.07737318135924258
0.07717260263733945
0.07709264755249023
0.07689330537440413
0.07685678288088006
0.07666426998073772
0.07657825340658932
0.07637635732101182
0.07623034008478714
0.07604594149831999
0.07588951466447216
0.07572888519804356
0.07562558125641386
0.07540166175971597
0.07535875449746342
0.07513605538061109
0.07519455279334117
0.07505184108928098
0.07484948433051675
0.07483386993408203
0.07450784262964281
0.07445266691304869
0.07430330373473086
0.07419030141022245
0.07398366119902013
0.07387774677599891
0.07368606632038699
0.07354944035158319
0.07344389769990566
0.0733109651985815
0.07315401303566109
0.07309102203886388
0.07298086457333322
0.07277697223727986
0.07267134068375927
0.0725074380131091
0.07232924639168432
0.07240526554948193
0.07220460600772147
0.07204745179515774
0.07195339364520574
0.07175789849232819
0.07171483767234672
0.07164874319302833
0.07137599233853614
0.07132131770505744
0.07128695310172388
0.07112410917120465
0.07104915683552371
0.07087274325096
0.07072679875260693
0.07072033316402113
0.07049670461880958
0.07046647799217094
0.07036792625815182
0.0702133825269796
0.07010091361352953
0.07002106359449484
0.06989395012289791
0.06979182615118512
0.06961664102845273
0.06951034675210209
0.06943574194180763
0.0692768581842972
0.06922500416383905
0.06912861840199616
0.06899566165471481
0.06905701200840837
0.06876990754725569
0.06862911127381406
0.06856523934057203
0.06840125585006455
0.0682998430930962
0.06810902740995763
0.06803095542778403
0.06790512699191853
0.06781144869529594
0.06768542629177288
0.0676234455431922
0.06753386481333587
0.06745355412111444
0.06733324568150408
0.06716178635419426
0.06710081585383011
0.06691939547910529
0.06686213056919939
0.06672977997084796
0.06656965158753476
0.06649332127328646
0.0664955478603557
0.06619315228219759
0.0660905757192838
0.06606758246987553
0.06588935043852208
0.06590108548180532
0.06579445176205392
0.06565905425508144
0.06558806209240929
0.06538773795305672
0.06531072471101405
0.06518518722663491
0.06512306504330392
0.06488576986021914
0.06484144016847772
0.0646912526276152
0.06457551455093642
0.06451998322697008
0.06440904989080914
0.06434545678607488
0.06420626882779396
0.06410477525096829
0.06399345397949219
0.06397327730211161
0.06381281351639052
0.06368698508052503
0.06359802666357008
0.06349197888778428
0.06335802805625786
0.06328762587854418
0.0631973824258578
0.06304956290681483
0.06297369730674614
0.06282395831609176
0.062738103381658
0.06258764105328059
0.06250895888118421
0.06234022318306616
0.062378952058695133
0.062200619002520025
0.06212863275560282
0.06198785264613265
0.061931666681322
0.06176121760222871
0.06164318020060911
0.06157321849111783
0.06145013388940843
0.0613643718978106
0.06121582904104459
0.061187695648710606
0.06108774573115979
0.06091029765242237
0.060808020122980665
0.06064044823080807
0.06063138832480221
0.060542163202318096
0.060504727444406284
0.06035313363802635
0.060282630435491015
0.0602441682653912
0.060086686732405324
0.05999671806723385
0.059877391588889946
0.05982524661694543
0.05971886747974461
0.059641163227921824
0.0595525240494033
0.05942428718178959
0.05933949098748676
0.05930122278504452
0.059224294403852046
0.059058880401869955
0.05908888477390095
0.058941824961516814
0.05878679631120068
0.05868427632218701
0.05858689647609905
0.05851362519345041
0.058412402363146765
0.058297306804333704
0.05831997273331982
0.058144197625628974
0.05814610901525465
0.058032351025080274
0.05794269755735236
0.057900097410557634
0.057758121167199084
0.057695356466002386
0.05760893983356023
0.05756733377101058
0.05734645714194088
0.05742709919557733
0.057222976522930596
0.05718649848032806
0.057222923990023336
0.057084471492444055
0.05697833885580807
0.056829747507127666
0.056801715139615336
0.05670275526531672
0.05662880105487371
0.05657247769630561
0.05642823445594917
0.05633675850043863
0.0562354265633276
0.05611609200299796
0.05601970220016221
0.055902998326188426
0.05587765321893207
0.055823629185304806
0.055727255546440514
0.055551819882150424
0.055536480273230604
0.055485478902267196
0.05533983747837907
0.0552953097779872
0.05515667139473608
0.055047984850608696
0.055001194194211796
0.05491788104429084
0.05484087184324103
0.05483024403200311
0.0546889668804104
0.05457749205120539
0.05452472476635949
0.05440213316577976
0.054320307101233534
0.05424426369747873
0.05415448899996483
0.05404768959950593
0.05398404800285727
0.05389142036437988
0.053924794924461235
0.05377040879201081
0.05368799274250612
0.05362050816164178
0.053570969630095916
0.05342662940591068
0.053375543174097095
0.05332348306300277
0.05326677581011239
0.053111965373411014
0.05306166309421345
0.05301612918659792
0.052935632608704646
0.052807177527476164
0.05277958966917911
0.05272298748210325
0.052680411581265726
0.052643226364911616
0.05255370220895541
0.05242291547484317
0.05237624604823226
0.05232420614210226
0.052219431279069285
0.05221295356750488
0.052079750319658696
0.05202261876251738
0.052003387677467476
0.051930597272969906
0.05184877929040941
0.0517648034176584
0.05165415295099808
0.05162631051015046
0.05153197353169069
0.051465054689827615
0.05140415692733506
0.05134951462179928
0.05129319530422405
0.05110735004231081
0.05113234762418068
0.05106688758074227
0.050987583095744506
0.05092061576196703
0.05081672183537887
0.05081986572782872
0.050658557374598616
0.05060894610518116
0.05056953834275068
0.05052336999925516
0.05036634913945602
0.05038730976945263
0.050303960250595865
0.05022765822329764
0.050106569872064105
0.05005325301218841
0.04994614649627168
0.04995874631202827
0.04990206734608796
0.049835520275568555
0.04974847728923216
0.049691818528256174
0.04958319259902178
0.04952166040064925
0.04944132142147775
0.049385571883896646
0.049381551095994854
0.049274484990006785
0.049231020070738714
0.04917229232141527
0.04902646097086244
0.04905055741132316
0.048979225805250264
0.04890338445113877
0.04882507405038607
0.0487373238902981
0.04868104094165867
0.04857469413240077
0.04857130778037896
0.048508951219461735
0.04848057536755578
0.04839754104614258
0.04829291974083852
0.0483110920857575
0.04816121570134567
0.04814130168850139
0.048098434836177505
0.048056412551362636
0.047907914145518156
0.047906924102265956
0.04780945939532781
0.047761472605042536
0.047718726982504636
0.04763138496269614
0.047635781562934486
0.04750482914811474
0.04744798854245978
0.04740746950699111
0.04741869134418035
0.04729241031711384
0.04722297393669516
0.047203415531223106
0.047128176285048666
0.04709966303938526
0.04703916937617932
0.046955787529379636
0.046873682636325645
0.046880495750297936
0.04677932949389441
0.04677686448824608
0.046703152737375034
0.04659923052383681
0.04658895831997112
0.046549453573711846
0.04647600044638424
0.04642040850752491
0.04639546749955517
0.04626459590459274
0.04631397683741683
0.04619835999052403
0.04614358837321653
0.046105093875173794
0.046050374790773556
0.04595882609739142
0.04589509963989258
0.04588129156726902
0.04576892367864059
0.04571476629224874
0.04569243576567052
0.045599319167056326
0.045590877532958984
0.04551935600022138
0.04544470673900539
0.04545185929637844
0.045333951206530554
0.04524138822393902
0.045176405017658815
0.04516106136774613
0.04508941456422967
0.04502687211764061
0.04494399943594205
0.04493813191430043
0.044810860843981726
0.044759928169897045
0.04473996162414551
0.044627795785160386
0.044603784205549855
0.04461035081895731
0.04449651200892562
0.04446470131308346
0.04446898880651442
0.04433722819312144
0.044315152249093784
0.04424331147791976
0.044167971206923666
0.04408652499570685
0.044059664516125696
0.04398321701308428
0.04395692631349725
0.043933189521401614
0.043862330711494056
0.04382966736615714
0.043773946115526104
0.04370595236956063
0.04364981893765724
0.04356926578586384
0.04354404190839347
0.04343817597728664
0.04338629771087129
0.04338421255855237
0.0432441840737553
0.043200791892358814
0.043187682911501095
0.04311278714972027
0.043058690378221416
0.04300245996248924
0.04302827382491807
0.042962838027436855
0.04290773908970719
0.04287754075001862
0.04284026259082859
0.04274941703020516
0.04272665815838313
0.042657541016400874
0.042600219532594845
0.04249309281171378
0.0424627287913177
0.042477332939535886
0.04234647750854492
0.042302515547154314
0.04221441786167985
0.04223874867972681
0.042180457357632914
0.04208969665785967
0.042050046435857226
0.04196712122125141
0.0419841822931322
0.04193579948554605
0.04191392155016883
0.04184149887602208
0.04175966877048298
0.04169219631259724
0.04173168893587791
0.04159883725441108
0.04159427901445809
0.0415166353775283
0.04146797374143439
0.04148991633269746
0.04141186051449533
0.04134760468693103
0.041346461085949915
0.04126393592963785
0.04122418872380661
0.04111746610221216
0.04109062582759534
0.04105146456572969
0.04100298881530762
0.040970390125856564
0.0408967753588143
0.04088826098684537
0.040804176007286974
0.040786080441232456
0.04068301895917472
0.0406371617721299
0.04061029321056301
0.04059602446475272
0.04049308421248096
0.04048623068858001
0.04039886038182145
0.040366399086127845
0.04033468537411447
0.04023294933771683
0.04021571854413566
0.04020889734817763
0.04009564044111866
0.04009781045428777
0.040032786838078906
0.039989616911290056
0.03999389228174242
0.03991133883848029
0.03987098548371913
0.03986901347920046
0.039816444203005
0.03971874511848062
0.03969064405408956
0.0396391011900821
0.03963748075194278
0.039585941928928184
0.03951370109946041
0.03951709553346795
0.039441961353108033
0.03938702001410015
0.039384639869302004
0.0393051737445896
0.03931185350579731
0.03921587184324103
0.03918951244677527
0.039184804690086235
0.039108389514987754
0.03903144901081667
0.0389997110528461
0.038938364740145406
0.038890034465466516
0.03891207808155125
0.038795450986441916
0.038787841796875
0.038746413538011455
0.03868357609894316
0.03864905389688783
0.03860017000618628
0.03850663718530687
0.03848457740525068
0.03847848358800856
0.03842150962958902
0.03837791539854923
0.03839963977619753
0.038304535009093206
0.03829064611661232
0.0382442999694307
0.038167371588238214
0.03816197686276193
0.0380969613285388
0.038027314816491076
0.0380329196735964
0.03797875420521882
0.03796027070384914
0.03792188935360666
0.03784149380053504
0.037812984595864504
0.037765894905995516
0.03774590007329391
0.03767660916861841
0.03764324673151566
0.03758221157526566
0.03752705202264301
0.03752045308129262
0.03743957665006993
0.037424338065971764
0.037377212007166975
0.03731112156884145
0.03727564569246971
0.037215645030393436
0.037168535135560114
0.037113791805202676
0.037109661910493495
0.037092051263582906
0.03706714662454896
0.03694434893333306
0.036911059234101894
0.03685203245130636
0.03681900137561863
0.036795507043094956
0.03673023288532839
0.036694053876197945
0.03666339486332263
0.03662670264809818
0.03658689886836682
0.03656079405445164
0.036484597092967926
0.03645252373258946
0.036408291024676825
0.036371291693994556
0.03636189234458794
0.03636384818513515
0.03629559985661911
0.03624319626113116
0.03619452654305151
0.03615390648276119
0.03611761836682336
0.03606433383489059
0.036029201442912474
0.03598328364097466
0.03598631438562425
0.035978309178756454
0.03591004872726182
0.03587292008480783
0.03583083314410711
0.03582716796357753
0.035751403388330494
0.03574731390354997
0.03566472005035918
0.03565421750990011
0.035607523837332
0.035564075082035386
0.03551448401758226
0.035536454895795405
0.035407187575000824
0.0353936017569849
0.03538411350573523
0.035308486324245644
0.03529063725875596
0.03526553461107157
0.03520615626189668
0.03517316559613761
0.03514192872128244
0.035086025625972427
0.035033933186935165
0.034995212393291925
0.03497728654893778
0.0349806486550024
0.034907106625831734
0.03486019878064172
0.034823316638752565
0.03479122711440264
0.03479123115539551
0.03471202365422653
0.03468103732092906
0.03466645741866807
0.03465161081087791
0.034595837027339614
0.03458498292050119
0.034539194430335096
0.03448246293148752
0.03445678646281614
0.03440357466875497
0.03438421023094048
0.034335370791160454
0.03426287537914211
0.034251540394152624
0.0341714317515745
0.034136214498746195
0.034110921924397096
0.03408952082617808
0.03403475324986344
0.034072225376711056
0.03401333598767297
0.033951856322207694
0.03391726542327363
0.03389049384553554
0.033876241263696705
0.033809690152184435
0.033730268478393555
0.03371788687625174
0.033680107633946306
0.033656605219436905
0.0335963944257316
0.03356050232709464
0.03356586068363513
0.03354426965875141
0.03347996533927271
0.03339453875008276
0.033395058017666054
0.03338837219496905
0.03332981820833885
0.033242427696615964
0.03323806342432054
0.033177880917565294
0.03317169011649439
0.03316051273022668
0.033132209616192315
0.03306876400769767
0.033041630761098055
0.033015295610589496
0.032948594982341185
0.03295792967586194
0.03290601706100722
0.032843292769739185
0.03282521942914542
0.032770259905669646
0.0327391341581183
0.032657259601657676
0.03262146448684951
0.03259146213531494
0.032559415041390115
0.03256869720200361
0.032527776087744764
0.03249058480990135
0.03244335570577848
0.03240937297627077
0.032385700840060996
0.03235745429992676
0.0323398820424484
0.03229653633246988
0.032243138652736855
0.032189702583571615
0.032164319086883025
0.03214998568518687
0.032134068214287194
0.03208786754284875
0.032049290204452255
0.0320044271016525
0.03198693970502433
0.03198257947372178
0.03193149930339748
0.03188730094392421
0.031868562860003974
0.03181342755333852
0.03181588043600826
0.031784544556827866
0.03174137260954259
0.03172667147749561
0.031676439915673205
0.03163630679502326
0.03157156200732215
0.03156724218594826
0.03150128914138018
0.03146980172496731
0.03143022424083645
0.03141648082409875
0.03136984776642363
0.03131830894340903
0.03131349410040904
0.03129267288466631
0.031229077759435623
0.031219118732517048
0.0311734433901512
0.031123454287900764
0.03108898663924912
0.03106411028716524
0.03104782508591474
0.031001840607594637
0.030956987607277046
0.0309908329430273
0.030948907642041223
0.030900494527008573
0.030863083015053958
0.03086032099642996
0.030822091183419956
0.03075418835979397
0.03076690132335081
0.030719585337881314
0.03067426762338412
0.030651623919858772
0.030594363050945733
0.030588224782782086
0.030531216475923183
0.030487204002121748
0.03045210595858299
0.030444254309444103
0.030383655580423646
0.03033679218615516
0.030365101361678817
0.03029914023512501
0.03030341358508094
0.030243930170091533
0.030192710585513358
0.030146938259318724
0.0301326008166297
0.030109571198285636
0.03008644257561635
0.03006829447665457
0.030012003446029403
0.029968916359594314
0.029934998285972465
0.029921172028881008
0.029889822006225586
0.029873561050932286
0.029832439907526567
0.02980986288038351
0.029741111448255635
0.02974435838602357
0.029732201058985823
0.0297130972652112
0.029643129494230626
0.029607211129140047
0.029616422572378384
0.02958151647600077
0.02952019845025014
0.029514403666480112
0.029459799750376554
0.029404981661651095
0.029386750722335556
0.029339333712044408
0.02928096965207892
0.0292576005903341
0.02921702093997244
0.02918670743198718
0.02922267832998502
0.029153597556938558
0.02913437051288152
0.029107673693511447
0.029107372639542918
0.02904463622529628
0.029075515472282796
0.028998686095415536
0.028976577823444948
0.028978679139735335
0.02888595047643629
0.028877359325602904
0.02882765511334953
0.028851206019773323
0.02879421791787875
0.02876256886175123
0.02875090655633959
0.028733588881411795
0.028661434933290642
0.028661287437051028
0.028635950411780405
0.028606758279315497
0.02858761811660508
0.02854786889027741
0.02851328405283265
0.028517203815912797
0.02846636004367117
0.028435462612216755
0.028419264292312882
0.028378401772450594
0.028404330803176104
0.028320666086875786
0.028278573084685763
0.028248164613368147
0.028217004517377433
0.02820500276856503
0.028163934158066572
0.028177281557503393
0.028117335448830813
0.028077574099524546
0.02805097628447969
0.028032480660131424
0.02800937224242647
0.02796217142525366
0.027938721543651516
0.027904643850811456
0.0278885566582114
0.02786722425687111
0.02778982307951329
0.027822043936131365
0.027767692582081942
0.02775917214862371
0.02773901567620746
0.027733406778109277
0.027661240707009524
0.027647171990346102
0.02761428032891225
0.027592693345021395
0.02756926366838358
0.027587840112589173
0.027542906292414262
0.02750205589553057
0.02745650178295071
0.027438814357175666
0.027459564855543232
0.027409569691803495
0.02736480559332896
0.027368381872015485
0.027356145745616848
0.027298884876703813
0.027249318058207884
0.027227013798083288
0.027202921398615434
0.027171537027520648
0.02715684599795584
0.027130217875464487
0.027099900326486362
0.02706263024928206
0.027053447092993784
0.02696950758917857
0.02698797290608034
0.026968099303164725
0.026914224786273505
0.026921041941238663
0.02686064526186151
0.02686627032393116
0.02680466134669417
0.02682732323468742
0.026777285640522584
0.026739476090770656
0.026719170101618363
0.0266811201127909
0.0266566034090721
0.026615326687441033
0.026643201456231586
0.02660716590234789
0.026541584629123493
0.026527536117424397
0.02650340734902075
0.026495850692361086
0.02645016928850594
0.02646069203392934
0.026379225617748196
0.026392393193002475
0.02639122332556773
0.026337324562719314
0.02632158287500931
0.026291428986242264
0.02626166101229393
0.026241435842998956
0.026226605399180265
0.026201310804334736
0.02616414781344139
0.02614374484046031
0.026165311619386834
0.026105331162274894
0.026061051982944294
0.026057215060217905
0.025985746060387564
0.025988055487810555
0.02594517045101877
0.025920393103260105
0.025935827675512283
0.025876926163495597
0.025839813685013077
0.025808334350585938
0.025783114514108432
0.02576651613591081
0.02573862318265236
0.025741595332905397
0.025718743518247444
0.025652418702335682
0.025664832632420427
0.025624271166526665
0.02562096361386574
0.02556635767726575
0.025556386527368576
0.025538634445707677
0.025502940355721166
0.025495717080972962
0.02543824608043089
0.025426751476223187
0.025382872355186333
0.025375784453699143
0.02535274069188005
0.025346863067756267
0.025309898085513358
0.025311102301387462
0.025284971221018644
0.02525393033431748
0.02522411588895119
0.025189498723563502
0.025163070630219022
0.025136062654398255
0.02510503591117212
0.025078979589171328
0.025078411829673637
0.025038252442570057
0.02499881437269308
0.024999036627300714
0.024933029029328944
0.02493815098778676
0.024876226813106212
0.024840520600141105
0.024832672991995083
0.02484058929701983
0.02480813406281552
0.024754877817832817
0.024729401378308313
0.024752944202746374
0.02468823982497393
0.024701518527532027
0.02465114755145574
0.024609575837345448
0.02461231361001225
0.024572764412831453
0.024570321632643877
0.024493742797334316
0.024498252545372915
0.02444050473681951
0.024458392191741427
0.024421776755381437
0.024398258176900573
0.024364641157247253
0.024377348059314793
0.024332107123682053
0.02435048151824434
0.02431238101700605
0.024239453218751036
0.024268025058810993
0.02423458382234735
0.02419612569324041
0.024197703700954632
0.024164175583144366
0.024120858160115905
0.02409800634545795
0.024096210124128957
0.02403090363841946
0.02405643665184409
0.02403105719614837
0.023980686220072083
0.02395066164307675
0.023928925142449847
0.023873011944657664
0.023862624572495283
0.02387681855993756
0.023817995847281764
0.023780048903772385
0.02377651505551096
0.023768675529350667
0.02372856463416148
0.023687386916855634
0.023699154288081798
0.02369263212559587
0.023660906290603897
0.023622044062210343
0.02362276133844408
0.023587711786819718
0.02355501409304344
0.023526983746027543
0.023503541946411133
0.023494251703811905
0.023483005620665468
0.023416921243829242
0.023425621501470015
0.023377608444731114
0.02339961569188005
0.023357746964794094
0.023296554209822316
0.023292214183484095
0.023270514051792986
0.02326720649913206
0.023231904385453563
0.023200194714433055
0.023175445653624453
0.023178066237498136
0.023139395956265723
0.02309875973200394
0.023063861717612058
0.023061265379695568
0.023069414041810118
0.023017814603902526
0.022991372367083016
0.02296857308533232
0.02293738066139868
0.022918551655138952
0.022884772995770988
0.02287260960724394
0.022859399601564568
0.022860490669638425
0.0228399139339641
0.02279532561867924
0.022788201348256258
0.022769234948239084
0.022744421231544625
0.022702063544321867
0.022693569377317268
0.022669335543099096
0.02266985279018596
0.02263638124627582
0.02260543532290701
0.022571066678580592
0.022560598486560886
0.02257707967596539
0.022539854049682617
0.02251206010074939
0.02247694993423203
0.0224381745871851
0.022488452620425467
0.022417801921650514
0.022388033947702182
0.02236441434439966
0.02235201455778995
0.022340378518831933
0.02232123633562508
0.022250219926995746
0.022266961760440115
0.02225519640971038
0.022229210805084745
0.022224622257685258
0.02218418808306678
0.022192843889786026
0.022190871885267353
0.02212721614514367
0.02210308939723645
0.022115790237814695
0.02206399683224953
0.022046349816403146
0.02201773352542166
0.022016016103453554
0.021998108443567307
0.021936996508452853
0.021938713930420958
0.021914223493155787
0.021874431836403023
0.02186894416809082
0.021854570356466003
0.02183716580019159
0.021832171133009053
0.021788789054094735
0.021750999709307137
0.021733930555440612
0.0217152490454205
0.02169439146074198
0.021646317789110088
0.02166711273839918
0.02160416821301994
0.021651490259978732
0.02162704629413152
0.02156732244006658
0.02157606108713958
0.02154676792985302
0.021512536679284048
0.021511748685675153
0.021475121126336566
0.021450626648078532
0.021426265522585076
0.021412825180312334
0.02138093164411642
0.02137579554218357
0.02136336746862379
0.021315637281385517
0.021301497847346935
0.021260871725567315
0.02127487982733775
0.02123269186181537
0.021220855793710483
0.021183335174948484
0.021169318991192315
0.02119302143484859
0.021172883146900242
0.021132711636818062
0.021124789270304017
0.0211014020240913
0.021062050835560946
0.021069409483570164
0.021023649280354127
0.021024360495098565
0.021017268552618512
0.021016900822267693
0.020973530866331972
0.020951832755137297
0.02093387862383309
0.020913037203126036
0.020876201532654844
0.020878535206035033
0.020822650295192913
0.020816010943913863
0.020770028486090192
0.02077918537592484
0.02075314723839194
0.02077151153047206
0.02071707127457958
0.020689695568407995
0.02069618742344743
0.02067169092469296
0.020666292158223815
0.020635932178820593
0.02061331272125244
0.02060380224454201
0.020593675516419493
0.020581651542146327
0.02053898269847288
0.020519442477468716
0.020536875320693194
0.02050977036104364
0.020453251014321536
0.02045627165648897
0.02043258133581129
0.02041182881694729
0.02039978665820623
0.02036766278541694
0.020393949444011107
0.0203524807752189
0.020317851486852615
0.020306231611866062
0.020273422790785967
0.02025844283023123
0.020233865511619438
0.020223169003502798
0.0201798616829565
0.02018367031873283
0.0201796293258667
0.020151027178360245
0.020110607147216797
0.020110190924951584
0.02008790080830202
0.020047604027440994
0.020045603735972257
0.020015102321818724
0.019995406522589215
0.02000107401508396
0.019958843619136486
0.01998848026081667
0.019945419440835208
0.019913802712650624
0.019909175775818907
0.01987810054067838
0.01988407514863095
0.019849502434164792
0.0198511895486864
0.019805003020722987
0.01980128530728615
0.019783167515770864
0.0197618613808842
0.019757495088092353
0.01972077660641428
0.019689848867513366
0.019694451558387886
0.019677146006438693
0.01964615967314122
0.01960592148667675
0.01961686247486179
0.01958536899695962
0.019575216002383475
0.019550085067749023
0.019550523515475
0.019515308283143126
0.01949980299351579
0.019450476614095397
0.019461158978737007
0.019450387712252343
0.01941045260025283
0.01940552662994902
0.01938249903210139
0.01935626288591805
0.019346330125453108
0.019328707355563923
0.019294294260315977
0.019300642660108662
0.019276309821565273
0.01925739595445536
0.019233546014559472
0.019215507022405074
0.019177069098262462
0.019193903874542752
0.019162759942523505
0.019143510673005702
0.0191342527583494
0.019149198370464776
0.019096095683210988
0.0190904746621342
0.019077022196882863
0.019030865976365947
0.018999808925693317
0.019022806216094455
0.019000902014263604
0.01894966020422467
0.018956356129403842
0.018960043535394183
0.01892729937019995
0.01893880205639338
0.01892999875343452
0.018882169561871026
0.018883650585756463
0.01884311538631633
0.01884229708526094
0.01884870003845732
0.018824112617363362
0.018809561002052437
0.018769072274030265
0.018781059879367634
0.018739251767174673
0.018722160387847384
0.018688733294858772
0.018681316052452993
0.018662735567254535
0.018654855631165587
0.018658965320910437
0.01861535492589918
0.018593497195486294
0.0186009528273243
0.018535430148496467
0.018514287673820882
0.0184948989900492
0.018490415508464232
0.018466381703392935
0.018480943421186027
0.018456525721792447
0.018453959691322457
0.018413656848972126
0.018395092527745134
0.018381219799235717
0.01838986146247993
0.018349257566161074
0.018339815786329365
0.01830872842821024
0.01829665192102982
0.018286725222054174
0.018286733304039907
0.018277533983780167
0.0182362512006598
0.018226975101535602
0.01823186672340005
0.018182447401143737
0.018163943694809736
0.018159211692163498
0.01814101712178376
0.018147907014620508
0.01812084044440318
0.018096220695366292
0.01807186563136214
0.018078395875833802
0.018042293645567812
0.01802973019874702
0.018007729013087385
0.017994553355847376
0.017981515092364814
0.017995989928811282
0.017939090728759766
0.017954171714136154
0.017942533654681708
0.017913185943991453
0.017887394307023387
0.017869949340820312
0.017867999561762406
0.0178585274744842
0.017837981046256373
0.01783845384242171
0.017785619881193517
0.0177924936100588
0.017734151775554076
0.01773113517437951
0.017732224221956933
0.017697833352169748
0.017697778798766054
0.01767019296096543
0.017654257305597856
0.01763280367447158
0.01762303053322485
0.017610638828600866
0.017567420409897627
0.0176053976608535
0.017568050804784744
0.01753188795962576
0.017524921287924558
0.01749077287770934
0.017503839428141967
0.017459729970511744
0.01747164887897039
0.01744582087306653
0.017461867655737925
0.017393782987432965
0.017385507034043134
0.01737343658835201
0.01735068781901214
0.017338378954741916
0.017343153387813243
0.0173052387722468
0.017280863503278312
0.017264814700110483
0.017249159893747104
0.017241227424750896
0.017223240965503758
0.017217997777259957
0.01719630572755458
0.017194659022961634
0.017197768566972117
0.017160060042041844
0.017156659546544998
0.017142451415627688
0.0170943595595279
0.017091027760909774
0.017096535634186307
0.0170655715263496
0.01706219325631352
0.01702597989874371
0.01700794494758218
0.01699731511584783
0.01698494967767748
0.016995902788841118
0.01695473719451387
0.016952217635461838
0.01692294064214674
0.01692207586967339
0.01689914121466168
0.0168929706185551
0.016861843860755534
0.0168662111637956
0.01684426655203609
0.016832285008188022
0.016803607092065326
0.016782059507854913
0.016790157657558636
0.016745957277588926
0.01673240681826058
0.016714251647561282
0.016709936877428475
0.016689815763699805
0.01667283753217277
0.01667655120461674
0.016646615529464462
0.016611462932522015
0.0166296969025822
0.01661155789585437
0.016612689373856883
0.016571274248220153
0.016579415838597185
0.016546799974926446
0.01653370816828841
0.016519246465068752
0.01649018061363091
0.01648011854139425
0.016482284513570495
0.01646758035077887
0.016450666775137693
0.016432095382173183
0.016386959512354964
0.01640421455189333
0.01636333485781136
0.016368540666871153
0.01632661536588507
0.01631982245687711
0.016317127114635403
0.01630530721050198
0.016281428983656025
0.016267076387243756
0.01626929186158261
0.0162366224547564
0.01624465291782961
0.016208017276505293
0.01619805521884207
0.016178941322585284
0.01615988804122149
0.016149617857852225
0.016127891459707486
0.01612085205013469
0.016095355405645856
0.01608513775518385
0.01605861469850702
0.016039537171186027
0.016036624625577766
0.016026147341324112
0.015994110349881446
0.01598008608413955
0.015958743580317094
0.01595350645356259
0.015952611373642744
0.01594240786665577
0.015931809352616132
0.015911714505341092
0.015875108161215054
0.015879020852557685
0.015866111900846837
0.01586226487563828
0.015799177905260506
0.015819004026509948
0.015798706119343385
0.015800692267337088
0.015781877404552395
0.015778193029306702
0.015767987501823295
0.015746911703530004
0.015735797962899936
0.01571909350863958
0.01569694987798141
0.01568787380800409
0.01567422232385409
0.01564709816948842
0.01567463349487822
0.01565279697967788
0.015630720025402004
0.015612295118428893
0.015614048909332793
0.015593484296637067
0.015561727143950382
0.01555692644442542
0.015529905335377838
0.015531253006498692
0.01549796532776396
0.01550881135261665
0.01548498767917439
0.015458658590155133
0.015455157069836632
0.015437851517887438
0.01541692927732306
0.015388975709171618
0.015392800508919408
0.015368658607288942
0.015367048271631791
0.015336841849957481
0.015338445113877119
0.015316790443355753
0.015308655924716238
0.015288207490565413
0.01526140762587725
0.015264965720095877
0.015226673271696446
0.015234721919237557
0.015217099149348372
0.015184447926990056
0.015168158684746694
0.015160665673724675
0.015146492901494947
0.015139155468698276
0.015120969990552482
0.015088219763868945
0.015090122061260676
0.015071072820889748
0.015073834839513746
0.015037505303399038
0.015022616265183789
0.01500601687673795
0.015004431797286211
0.014981853759894937
0.01495949494636665
0.014960949703798456
0.014944940300311073
0.014917022090847208
0.01493362349978948
0.014892495284646244
0.014911899122141175
0.014879261033009674
0.014872552984851902
0.01484939708548077
0.01486263133711734
0.014833688735961914
0.014810466160208492
0.014804521859702418
0.014801170866368181
0.01478028701523603
0.01475895461389574
0.014765034287662829
0.014732118380271782
0.014723734330322783
0.01471032025450367
0.014684788251327257
0.014666946257575083
0.014682948589324951
0.014653870614908509
0.014635379031553106
0.014617723933720992
0.014626779798733986
0.014619775747848769
0.0145906533225108
0.014575886524329751
0.014565237497879286
0.014562889681024066
0.014552296218225512
0.01454602459729728
0.014543699005902824
0.014506463277137886
0.01452420020507554
0.014489201165862003
0.014482934596174854
0.014459484714572713
0.014453737412468862
0.014452453386985649
0.014433126328355176
0.014414872153330658
0.014405774868140786
0.014371363793389273
0.014393770088583736
0.01438636092816369
0.01434918985528461
0.014357801211082329
0.014315979965662553
0.014318189378512107
0.01431178541506751
0.014309608330160884
0.014268886234800694
0.014282511452497062
0.01425388808977806
0.014259045406923456
0.014243088536343332
0.014233648777008057
0.01420290894427542
0.014203715122352212
0.014206292265552586
0.014168084678003344
0.014176592988482976
0.014151220604524775
0.014150949858002743
0.01413826417114775
0.014118059206817109
0.014079261634309413
0.014106445393319858
0.014098088620072705
0.014071909047789493
0.014045581979266667
0.014049927056845973
0.014042361307952363
0.014013431840023752
0.014008884712801142
0.014000240018812277
0.013979089462150962
0.01396021297422506
0.013955520371259269
0.013945368386931339
0.013917843164023707
0.013912716154324807
0.013900975049552271
0.013870980780003435
0.013875104613223319
0.013868421821270958
0.013864197973477639
0.013842911033307091
0.013854262182268045
0.013825994426921263
0.013812547012911005
0.013802435438511736
0.013784141863806772
0.013781905174255371
0.01377319784487708
0.013734356831696075
0.013723771450883252
0.013713699276164427
0.013714812569699045
0.013697346388283422
0.013680281275409763
0.013659111524032335
0.013663413160938328
0.013644482119608734
0.013614060515064304
0.013610310473684537
0.013602588136317366
0.01359113596253476
0.013584462262816349
0.01356927318088079
0.013544201850891113
0.013555477231235827
0.013550410836429919
0.013547343722844527
0.013530669576030666
0.013516372543270304
0.013495094695333706
0.013481559389728611
0.013475096831887455
0.013461652448621847
0.013464046736895028
0.013447704961744406
0.013431250038793531
0.01342195171420857
0.013392915159969007
0.013396079257383184
0.013376605712761313
0.0133834612571587
0.013344936451669467
0.013348995629003492
0.013328315848011082
0.013303526377273818
0.013294196734994145
0.013292271201893434
0.013288154440411067
0.01328697042950129
0.01325393329232426
0.013247340412463173
0.01323809765153012
0.013227759781530348
0.013194498369249246
0.013206040455123125
0.013170494871624446
0.013164101010662014
