2.2545815160719016
2.1979752880031778
2.1521865068855934
2.066778409278999
1.981504537291446
1.9316801944021451
1.8791752184851696
1.8492597159692796
1.7851676294359111
1.7663336285090043
1.739181259931144
1.7021375753111758
1.6735963983050848
1.6227140264996027
1.5648215342376193
1.538223007978019
1.5053541539079052
1.4875887854624603
1.459130109366724
1.4482671446719413
1.4296699135990467
1.3759649244405456
1.323511802544028
1.3079293461169226
1.2974267733299125
1.2748947143554688
1.2373243428893008
1.2240579896054025
1.1939725714214777
1.177489717127913
1.1319132659394862
1.107557652360302
1.0976219823804951
1.0854283995547538
1.0661171735343287
1.036785966258938
1.0148067151085804
1.0073480121159957
0.9952777280645856
0.9848785400390625
0.9753582194700079
0.9683932934777212
0.9449653625488281
0.9313263973947299
0.9270526433395128
0.9193271055059918
0.8999580771236096
0.8840277720305879
0.866824909792108
0.8589467840679621
0.8511820647676113
0.8485673807435117
0.8374395855402542
0.8288452019125728
0.8171523789228019
0.8114333718509997
0.8097152709960938
0.7955576363256422
0.77808709871971
0.7648612200203588
0.753491288524563
0.7449210861981925
0.7330020969196901
0.7218014991889565
0.7161369970289327
0.7090694621457891
0.7021503771765757
0.6972987288135594
0.6918914277674788
0.6846607014284296
0.6785787808693061
0.6750794750148967
0.6668150950286348
0.6581806247517213
0.6502500631041446
0.6484790737346068
0.6418291512182204
0.6392791230799788
0.6330477181127516
0.6335969698631158
0.628412085064387
0.6260784601761122
0.6095691616252318
0.6033051700915321
0.6009248636536679
0.5984855263920154
0.5903039705955376
0.5877915075269796
0.578757657843121
0.5739687903452728
0.5706743143372617
0.568702827065678
0.5639974303164724
0.5548571570444916
0.5520918248063427
0.550951618259236
0.5491810168250132
0.5475661714198226
0.5443608558784097
0.5419124344647941
0.5378679178528867
0.5354028152207196
0.5312222949529098
0.5284502385026317
0.5200559001857952
0.5153930146815413
0.5123757507841465
0.5111685930672338
0.5042562323101496
0.497792712712692
0.49575711913028003
0.4942485356734971
0.49153243889242915
0.4879395113152973
0.48646574505304885
0.4812451378773835
0.47767212431309586
0.47637616173695707
0.47483631715936175
0.47041239980923927
0.4671890129477291
0.465330220885196
0.46284737021236094
0.46041617959232656
0.4593502626580707
0.4574049610202595
0.4557313434148239
0.45609383663888703
0.45288907067250395
0.4463525222519697
0.4411582946777344
0.43936367358191536
0.43683598405223784
0.43407724671444653
0.43436923269498146
0.43411827087402344
0.4297516386387712
0.43064531229310116
0.42889882750430347
0.4272122140658104
0.42615586620266155
0.42547956563658634
0.422872963598219
0.42050106242551644
0.41884580709166447
0.4182053905422405
0.4181015208616095
0.415631666021832
0.4143134294930151
0.4133518025026483
0.4113229008044227
0.41294288635253906
0.4101601616810944
0.40779472609697764
0.40757011154950673
0.40427725193864206
0.4038078178793697
0.4062829421738447
0.4024782988984706
0.4037152629787639
0.39966938859325346
0.4002800957631257
0.39685950844974843
0.39670035798670883
0.39403420787746624
0.39200850664559056
0.3915568206269862
0.3891147031622418
0.38959315671759137
0.38868959071272513
0.38533773260601495
0.3839355080814685
0.3816902354612189
0.3804509437690347
0.3794221393132614
0.3786206326242221
0.3771121784792108
0.3744276014424987
0.3743448742365433
0.37504493584067133
0.37179093441720734
0.36949962680622683
0.3697320000600007
0.36882807844776216
0.3681074239439883
0.3672298172772941
0.3652877484337758
0.3636234089479608
0.3636394436076536
0.36262829020871956
0.3598288843187235
0.36337406352414925
0.3621572720802436
0.3606796911207296
0.3594671023094048
0.35977926092632745
0.3573146432133044
0.35670096187268274
0.3551978741661977
0.3527348405223782
0.35198770943334545
0.3512182397357488
0.350307173648123
0.34802957308494437
0.34772362143306407
0.346594955961583
0.3444345118635792
0.3430182570118015
0.3416753542625298
0.3417735988810911
0.3415090916520458
0.3397638999809653
0.33947802398164395
0.3382958234366724
0.3373454465704449
0.33560943603515625
0.33461063191042106
0.3343763513080144
0.3330718864828853
0.33339406676211597
0.3328844167418399
0.3317558159262447
0.32969549146749205
0.3293933545128774
0.328010688393803
0.3272617146120233
0.3268055026814089
0.323620715383756
0.322988930395094
0.32226788795600503
0.32129265090166514
0.32093591205144334
0.31973812943798
0.3179740905761719
0.31655534647278866
0.31552644503318655
0.31508662336963716
0.3136360685704118
0.3131247374971034
0.31262737209514035
0.31242677720926576
0.30936722836251984
0.3099353919594975
0.3094647940942797
0.3092803955078125
0.30993801052287473
0.3092912576966367
0.3067543223752814
0.30633454403634797
0.30560600151449946
0.30619841106867385
0.3052374952930515
0.30450003025895456
0.3009156695866989
0.30084121833413335
0.30062639915336997
0.3000250347590042
0.2989988165386653
0.29938180567854544
0.2988998283774166
0.2978296441546941
0.29454434928247486
0.29433253660040387
0.29323442103499076
0.29294266135005625
0.2921536655749305
0.29209886971166577
0.2904674077438096
0.28992038662150754
0.29033046657756223
0.28978816533492785
0.2891822427006091
0.2882569846460375
0.28790444842839646
0.28777116031970007
0.28722672543283234
0.2863719746217889
0.2855847245555813
0.2847222796941208
0.28451819339040985
0.2831426717467227
0.2819126905021021
0.2808040360272941
0.28061575808767547
0.2794757455082263
0.2784166820978714
0.27881344294143934
0.27841571225958356
0.27789862681243377
0.27744215625827595
0.27682291451147045
0.2760441666942532
0.2768749301716433
0.27560515322927703
0.2747924933999272
0.273823301670915
0.2740662138340837
0.2734599032644498
0.27327670081187105
0.27276216927221264
0.2708139419555664
0.2694915836140261
0.26870111691749704
0.26903197724940414
0.26742556943731793
0.26780110698635295
0.26786482536186607
0.26686745983059124
0.26672350350072827
0.2649452403440314
0.2637744030709994
0.26264520418846
0.26187610626220703
0.2601694979910123
0.2603902331853317
0.2590778641781564
0.2582150152174093
0.25778773679571637
0.2571408869856495
0.25738299095024497
0.25579536567300054
0.25529845286223846
0.2552463402182369
0.2547126382084216
0.2540915860968121
0.25352759280447235
0.2532850362486758
0.2529475971803827
0.2530024738635047
0.25182379706431246
0.25109531919834976
0.2508126759933213
0.2504517183465473
0.24971706584348516
0.24887346817275224
0.24872220572778733
0.24834023491810944
0.248259592864473
0.24711532916052867
0.2473722069950427
0.24761372905666545
0.24546338744082694
0.24482752913135594
0.24428732920501192
0.24493928683006158
0.24441053099551444
0.2436593104217012
0.24316081354173563
0.24240902722892116
0.24191007775775455
0.24178374015678794
0.24120204731569453
0.24064422866045418
0.24030472060381355
0.2404241238610219
0.23823849629547636
0.2382769665475619
0.2376204668465307
0.23763834419897048
0.2369451684466863
0.2370548571570445
0.23634779655327232
0.2355628094430697
0.2353842298863298
0.2352055371817896
0.23530803292484606
0.2344419996617204
0.23433717630677303
0.23406890287237653
0.23324468580342955
0.2328113620564089
0.23201984470173465
0.23192977905273438
0.23064623040668034
0.23072307392702265
0.23033316660735567
0.22980759507518703
0.22888555365093685
0.22834406060687565
0.228591240058511
0.2276817742040602
0.22705369076486362
0.2273351378360037
0.2279014910681773
0.22565332509703556
0.22554423445362157
0.2254003751075874
0.2246538259215274
0.22465240349203852
0.22404109825522212
0.2242378299519167
0.22391104294081865
0.22383319725424555
0.2235046806982008
0.22288734630002813
0.22226957547462592
0.22139594514491195
0.2214734352241128
0.2205470780194816
0.22025202088436838
0.21980081978490798
0.21951015925003312
0.21870084536277642
0.21898861254675914
0.21895036859027409
0.21953105926513672
0.21799422118623377
0.21728148702847755
0.21692893464686508
0.2158153986526748
0.21628392752954514
0.21534344301385394
0.21506477614580574
0.21494774899240268
0.2149155341972739
0.21413171089301675
0.21392456959869902
0.21380345296051542
0.2136926489361262
0.21274552102816308
0.21241352921825343
0.2117918628757283
0.21065639237226066
0.21006493649240268
0.20983136710474046
0.20917483507576634
0.20870991076453257
0.20811837406481726
0.20750435328079483
0.20661801806950975
0.20608549602961135
0.2058490817829714
0.20669234001030357
0.2062358371282028
0.20637738502631753
0.2060979584516105
0.2057243767431227
0.20476981340828587
0.20461884191480734
0.20415697259418034
0.20426740484722591
0.20374535706083655
0.2035272889218088
0.20315010264768438
0.20276446261648404
0.2027144351248014
0.20246547763630496
0.20199381294897048
0.20138179649740962
0.20130348205566406
0.2005761356677039
0.20071365873692398
0.2001005754632465
0.20015567844196902
0.19882733943098682
0.199049529382738
0.19884444091279627
0.19806511119260625
0.19782358913098352
0.19792487257618016
0.19732223122806872
0.19729685379286943
0.1969989841267214
0.19691984532243115
0.19627073255635924
0.19595860626737951
0.19536021604376325
0.19504314357951535
0.19518748784469345
0.19457471168647378
0.19387376106391518
0.1939488588753393
0.19351412886280125
0.1935787847486593
0.19314764313778635
0.1930879980830823
0.19244260303044725
0.1924437991643356
0.19196387468758275
0.19189213898222326
0.1921095767263639
0.19199736643645723
0.1917013071351132
0.1915681806661315
0.19113039566298662
0.19121483624991725
0.19079869480456335
0.19027992830438129
0.19064204975710078
0.19038206844006555
0.18966151092012049
0.18928784839177537
0.18900612653312038
0.18892023118875795
0.18843295210498875
0.1878300521333339
0.1882531117584746
0.18796519909874868
0.18765598232463254
0.18722353143207096
0.18677798772262313
0.18679651163392147
0.18603176181599246
0.18636975045931542
0.18580738972809355
0.18550421827930516
0.18556832459013342
0.18498676106081172
0.18524900533385197
0.18499316199351165
0.18415063114489538
0.1842693231873593
0.1836113848928678
0.18372514692403502
0.18316443491790255
0.18226436033087262
0.18204074794963254
0.18225036233158434
0.18164961216813427
0.18137999712410618
0.18099102731478417
0.18036593421030853
0.18003638316009005
0.17955411490747483
0.17934013625322762
0.17923810926534361
0.17916255886271848
0.178780846676584
0.17888528209621624
0.17861010664600438
0.17827942411778336
0.17797557378219345
0.1780626006045584
0.17768790358203954
0.17779749530856892
0.17726413274215438
0.1769143605636338
0.17725275330624338
0.17700858035330044
0.1773190579171908
0.17673793081509864
0.1763339285123146
0.17609009500277245
0.17589420383259402
0.17587076607397048
0.17485081947455972
0.17477505894030554
0.1743017455278817
0.1744483042571504
0.17397436044983944
0.17379384121652378
0.17381929947158037
0.17360995987714348
0.17332818952657408
0.1733485884585623
0.1733516434491691
0.17310338101144565
0.17253874116024728
0.17289940785553495
0.1728886426505396
0.17221830658993478
0.17189410581427106
0.1723020197981495
0.1716580471750033
0.17121502504510394
0.1711695881213172
0.17091002706754005
0.170663170895334
0.1700726848537639
0.1698691319611113
0.1691848463931326
0.16927423315533138
0.16896702071367684
0.16916693671274993
0.16853786727129402
0.1686454223374189
0.16860848766262249
0.16780778917215639
0.1675847263659461
0.1676434500742767
0.1675420534812798
0.16737697084071274
0.16679278874801376
0.16639090392549158
0.16603125556040618
0.1661674370199947
0.16583413592839646
0.16560161719887945
0.1654412221100371
0.1655505713769945
0.16514619730286678
0.1648743193028337
0.16453036615404032
0.16465783523300948
0.16402255882651118
0.1642402713581667
0.16433334350585938
0.16398431487002615
0.16392376463292008
0.16383006209034032
0.1639337378033137
0.1632466720322431
0.16346217009980799
0.16310273186635163
0.16302871704101562
0.16267129930399232
0.16186516971911413
0.16235855878409694
0.16165555533716233
0.16172520589020292
0.16113261853234243
0.1609062582759534
0.16055050542799093
0.16070343276201668
0.16026257660429358
0.16046624264474643
0.16016273175255727
0.15993738982637049
0.15964393292443227
0.15972871295476365
0.15997398505776617
0.1590670892747782
0.15918817358501888
0.1587032544410835
0.1588408906581038
0.15843766422595007
0.15847319263522908
0.1586936853699765
0.1581203654661017
0.15799039097155554
0.15761667995129602
0.1574839090896865
0.15726327087919592
0.1571610175957114
0.15720254283840374
0.15692077248783434
0.15652937808279263
0.15667805429232323
0.15614608182745465
0.1562485452425682
0.15592704385013903
0.15568972442109705
0.15556341914807337
0.15562565043821172
0.15559991739564022
0.15527169179108183
0.15504444251626226
0.15424683134434586
0.1540619316747633
0.15371943328340174
0.1533597525903734
0.15335786140571206
0.15269942202810513
0.1525612524000265
0.15202915062338618
0.15189772137140822
0.15191563105179093
0.15147041062177238
0.1515130350145243
0.15119732032387945
0.151052442647643
0.15066066030728614
0.1505732293856346
0.1504412343946554
0.15011478682695809
0.14998203212932004
0.14972596249337924
0.1497119968220339
0.1489700058759269
0.14926918482376358
0.14878530017400193
0.14894543663930085
0.14846119638216698
0.14805084163859739
0.14820435087559586
0.1481492155689304
0.14776808528576868
0.14747818445755265
0.14721726563017248
0.14728415214409263
0.14687219716734806
0.1469575267727092
0.14675226049908138
0.1466135574599444
0.1465491440336583
0.14616710856809453
0.1461182125544144
0.1456717474985931
0.1457954988641254
0.14596939086914062
0.14555410611427436
0.14548165919417042
0.14514955423646053
0.14523045491364042
0.14509390168270822
0.14503331911765924
0.14517124628616593
0.1444870738659875
0.1445158134072514
0.14460427882307667
0.1443111128726248
0.14404385776843054
0.14375743219407938
0.1438368134579416
0.1438612857107389
0.14356854002354508
0.14338866734908798
0.14349321591652045
0.1426485029317565
0.14233514818094545
0.1420623326705674
0.1417604866674391
0.14172544317730404
0.1416497957908501
0.14139325739973682
0.1410090559619968
0.14106553287829382
0.1408168986692267
0.14068687568276617
0.14053958957478152
0.1402781858282574
0.14031345561399297
0.1397119295799126
0.13958814588643736
0.13933928538176973
0.13911586696818723
0.13886831574520822
0.13896463685116525
0.13831537860935017
0.13851613513493943
0.13793036897303695
0.13764788740772313
0.13728885327355336
0.1370919761011156
0.13711664232157045
0.13681747953770523
0.13658429808535819
0.1365225355503923
0.13662826408774165
0.13639456538830774
0.13624511330814684
0.1360869003554522
0.1357202368267512
0.1357029252133127
0.13551509178290932
0.13566135147870598
0.13528831934524796
0.1352082591945842
0.13500716322559422
0.13490263082213322
0.13476523706468485
0.13444527124954483
0.13441972409264516
0.13441179566464181
0.1343908956495382
0.1341262106168068
0.13432966652563064
0.1339777768668482
0.13362063391733978
0.13359497361263986
0.13353255643682965
0.13325364710920948
0.13312216936531712
0.13278245117704748
0.13272678245932368
0.13273631920248774
0.13283364247467558
0.1326857744637182
0.1322553925595041
0.132251804157839
0.13240418999882067
0.13223297313108281
0.13219042955818822
0.13171468346805895
0.13179441225730767
0.13179292517193295
0.1313420958438162
0.1307044594974841
0.13086191274351994
0.130345708232815
0.13046241210678877
0.1301944053779214
0.13014117741988876
0.12963131726798366
0.1295373237739175
0.12936640593965174
0.12927454608981892
0.1291469557810638
0.1290801581689867
0.12896230665303893
0.12857901847968667
0.12860488891601562
0.1285849102472855
0.1282709412655588
0.12845243841914808
0.12841142234155686
0.12836486202175335
0.12853080943479375
0.12794360467943094
0.1279355065297272
0.12812409966678942
0.12759297581042273
0.12772759744676493
0.1276574054006803
0.1276540271306442
0.12744700706611245
0.12715134378206933
0.1270810143422272
0.12667688272767147
0.12657952712754073
0.12652125601041114
0.1264203928284726
0.12613114664110087
0.1261144896685067
0.12574979814432435
0.12551924333734027
0.12550037998264119
0.12528151172702595
0.12514778719110004
0.12479555808891685
0.12491665856312897
0.12478038011971167
0.12470654309806177
0.12463036230054952
0.12459339529781019
0.12463192212379585
0.12437890747846184
0.1242068662481793
0.12398023120427536
0.12395719754493843
0.12361767332432634
0.12353095361741923
0.1233810166181144
0.12342931456485037
0.12326429658016916
0.12321061603093551
0.12292865979469429
0.12285843542066671
0.1226759037729037
0.12246120582192631
0.12244910708928512
0.12228939896923001
0.12263243885363563
0.12214996855137712
0.12188917903576867
0.12188297207072629
0.12187797740354377
0.12169749049817101
0.1216843815173133
0.12112337855969445
0.12094680333541612
0.12090890690431756
0.12080683142451917
0.12086966078160173
0.12063239792645988
0.12058275837009236
0.12024793786517644
0.11993664402072712
0.11995326058339265
0.11952594983375679
0.11962004839363745
0.11958367945784229
0.11954815913054903
0.11919972047967425
0.11909694994910289
0.11906604443566274
0.11853145340741691
0.11874278925232969
0.11837631969128624
0.11861991074125645
0.11817864240226099
0.11812368489928164
0.1180663432105113
0.1180069648613364
0.11784222166417009
0.11754773835004387
0.11764905412318342
0.11749288591287904
0.11738428018860898
0.11746947240021269
0.1173023288532839
0.11714096392615367
0.1171904822527352
0.11688201710329217
0.11677918191683495
0.1167280067831783
0.11666862843400341
0.11661902928756455
0.11640703071982174
0.1164806576098426
0.11621107489375745
0.11593209282826569
0.11569069199642892
0.1156568123122393
0.11561326657311391
0.11548485998379981
0.11544335898706469
0.11531786999459993
0.1155275732783948
0.115070286443678
0.11486902883497335
0.11501099699634616
0.1148761813923464
0.1148536326521534
0.11480227971481065
0.11472451484809487
0.11461314508470438
0.11454103760800119
0.11432056103722524
0.11408360529754122
0.11402232768171924
0.113864163220939
0.11373658907615532
0.11375891152074781
0.11380827628960044
0.11345111717612057
0.11322776341842393
0.1131189152345819
0.1131769438921395
0.11327873650243726
0.11289512504965572
0.11289814771231958
0.11272014197656664
0.11265777329267082
0.11268256882489738
0.11239728281053446
0.11230483297574317
0.11229905435594462
0.11219128915819071
0.11209009461483713
0.11196676351256289
0.11195756621279959
0.11171210822412524
0.11164766246989621
0.11147264706886421
0.11137218798621226
0.1113989312770003
0.11152269072451834
0.11089132599911447
0.11079581309173067
0.11087849988775739
0.1106034456673315
0.11056361764164294
0.11046687627242784
0.11028166948738745
0.11022877289076984
0.1101392164068707
0.11002412084805763
0.10990931624073093
0.10989621534185895
0.10973410687204134
0.1097062321032508
0.10958503464520988
0.10947647741285421
0.10919235520443674
0.10933982719809322
0.10909368224063162
0.10900461067587643
0.10890310901706501
0.1090782941397974
0.1089288097316936
0.10882257202924309
0.10859516111470885
0.10862478967440331
0.10829565080545717
0.10814092927059885
0.10798869698734606
0.10796033729941158
0.10795733888270491
0.10757704912605932
0.10741680759494587
0.10732546499219991
0.10731129727121126
0.10709409390465688
0.10708802433337196
0.10709086919234971
0.10683414491556459
0.10682633771734723
0.10635258787769382
0.10632234508708371
0.10620702323267016
0.10610813205525027
0.10609368146476099
0.10585239378072447
0.10598701541706668
0.10591047093019647
0.10574421640169823
0.10584744760545634
0.10556573382878708
0.10535626492257845
0.10571487879349013
0.10541293580653303
0.10534664735955707
0.10523599689289675
0.10505011122105486
0.10500569262747038
0.10485659615468171
0.10511311029983779
0.10505535642979509
0.10504143116837841
0.10471952567666264
0.10463315349514202
0.10458907434495829
0.10456886129864192
0.10450161109536381
0.10429533457351943
0.10423686140674655
0.10431818234718453
0.10421022318177305
0.10402091074798067
0.10414442773592675
0.10383087093547239
0.10364833120572364
0.10378818188683461
0.103299043946347
0.10344974065231065
0.10335024332596084
0.10334287255497301
0.10313004962468551
0.10303043915053546
0.1031232284287275
0.10284280776977539
0.10285967487399861
0.10266316947290453
0.10250629812984144
0.1022731490054373
0.10243404517739506
0.10227117700091863
0.10228063292422537
0.10226699053230932
0.1018894244048555
0.1019212189367262
0.10185986050104691
0.10157055773977507
0.10180778018498825
0.10149588827359474
0.10151897042484606
0.10138804225598351
0.10135795302310233
0.10122782497082726
0.10136125855526681
0.10149052183506853
0.10111326282307254
0.1010517185017214
0.10104027440992452
0.10083900871923414
0.1006571721222441
0.10072628926422636
0.10057831618745448
0.10071132142665022
0.10048930927858514
0.1004955889814991
0.10044841443077993
0.10064819303609557
0.1003607410495564
0.1002129376944849
0.10003703327502235
0.10009897361367436
0.10003845570451123
0.10006384930368196
0.09984736523385775
0.09980510453046379
0.09958816786943855
0.09945121053921974
0.09948929285599013
0.09925511731939801
0.09909492428019895
0.09920066089953407
0.09881706561072398
0.09878927974377648
0.09874241230851513
0.09871315552016437
0.09893115900330625
0.09876163935257216
0.09838359638796014
0.09860964952889135
0.09853478609505346
0.09841600515074649
0.09838103439848302
0.09833942833593336
0.09828128653057551
0.09820865372479973
0.09819615897485766
0.09804998009891833
0.09787787421274993
0.09791997327642926
0.09783228373123427
0.09772573891332594
0.09756359811556542
0.09744576276358911
0.09740736524937517
0.09720631777229956
0.09723935692997301
0.09745934858160504
0.09742500822422868
0.09717268054768191
0.09703409065634518
0.09722555289834232
0.0968612412274894
0.09673654426962643
0.09679520332207114
0.0966341616743702
0.09687901351411464
0.09676692445399397
0.09650514893612619
0.09648194555508888
0.09606818021354029
0.09616553581367104
0.09621674327527062
0.09605371345907955
0.09611979985641221
0.09615283093209993
0.0958182043948416
0.0958011433229608
0.09556703244225453
0.0956405381024894
0.09552761659783832
0.09537423667261156
0.09538599596185199
0.09535580166315628
0.09508086059053066
0.09511705172263969
0.09496054406893456
0.09492450649455442
0.09493329161304538
0.09484668505393852
0.0949484534182791
0.09486681728039757
0.09467364165742519
0.09466405642234672
0.09453415466567218
0.09458682496668928
0.0943414073879436
0.09444166442095223
0.09439596079163633
0.09421720343121028
0.09421033374333786
0.09408657429581982
0.09397109080169161
0.09384423595363811
0.09382993892087775
0.0937742297932253
0.09364941160557634
0.09347885746066853
0.09351408683647544
0.09329212318032475
0.09331591654632052
0.0933947886450816
0.093423875711732
0.09312502812531034
0.09319345829850537
0.09286049665030786
0.09296239432642016
0.09286966162212824
0.09287409055030953
0.09281564162949384
0.09279370712021649
0.09266253649178198
0.09252028546090853
0.09272038734565347
0.09256029937226894
0.09244939836405092
0.09225658643043648
0.09235201851796296
0.09226672932253045
0.09214746345907955
0.0918230606337725
0.09198212219496905
0.0923931962352688
0.09189815844519664
0.09192483708009881
0.09164441642114672
0.0916506233861891
0.09160658464593402
0.09155974145662987
0.09150585885775292
0.0915881900464074
0.09136627488217111
0.09158790717690678
0.09163412805330956
0.09137703200518074
0.09136828729661844
0.0911033113124007
0.09118552127126921
0.09122842853352175
0.09095023042064602
0.09090743630619372
0.09098084498259981
0.0906226998668606
0.09061544224367303
0.09074963553477142
0.09069382942329018
0.09054921845258293
0.09056199607202563
0.09061441583148504
0.09051469220953473
0.09033789877164161
0.08995820708194022
0.09003216533337609
0.09010759450621524
0.08978819443007648
0.08982431282431393
0.08958573260549772
0.08952546523789227
0.08938133110434322
0.08933290384583555
0.08928373304464049
0.0891736159890385
0.08906945535692118
0.08905745360810878
0.08899042970043118
0.0889552568985244
0.08896006568003509
0.08878121133578026
0.08857718968795518
0.08868510036145226
0.08865379883071124
0.08856221376839331
0.08860039306899249
0.08870156336638887
0.0884127051143323
0.08862946397167142
0.08859968185424805
0.08844361870975817
0.0883828664230088
0.08831184193239373
0.08816126645621607
0.08824021129284874
0.08829920978869422
0.0880780139211881
0.0880179324392545
0.08793038028781697
0.08803960832498842
0.08783794661699715
0.08783434205136056
0.08782592062222755
0.08758630590923762
0.08765521291959083
0.08748675200898769
0.0873836016250869
0.08739208771010577
0.08737482458858167
0.08714112588914774
0.08717046349735583
0.08724612704778122
0.08719715829622948
0.08694433761855304
0.08679428747144796
0.08676720473725917
0.08699252241748874
0.0868123345455881
0.08673500610610187
0.08667681580882962
0.08678997169106693
0.08670899827601546
0.0867269968582412
0.08644344847081072
0.0863365076356015
0.08637179358530853
0.08618223869194419
0.08613298707089181
0.08621841366008176
0.08614423719503111
0.08602363780393439
0.08603848441172454
0.08596050941337974
0.08560166116488183
0.08573708291781151
0.08554005218764484
0.08564779313944154
0.08577624013868429
0.08562555151470637
0.08543417817455227
0.08530826891882945
0.08523429450342211
0.08511837458206435
0.08495327577752582
0.08485642126051046
0.08480371863155042
0.08471017772868528
0.08460799718307237
0.08449695069911116
0.0842958385661497
0.08441816750219312
0.08433325007810431
0.08468902717202396
0.08430432465116856
0.08431437055943376
0.08432344662941109
0.0841924861326056
0.084044383744062
0.08420858544818426
0.08405751697087692
0.08393945532330012
0.08380654706793317
0.08356542910559703
0.08346046027490649
0.08347626863899878
0.08357060965845141
0.08332569316282111
0.08320287122564801
0.08308923042426675
0.08296373334981627
0.08298414844577595
0.08300925917544608
0.08273172378540039
0.08284977735099146
0.08277338642185017
0.08241187111806061
0.08247885461580956
0.08251199883929754
0.08277042033308643
0.08251299292354261
0.08250719813977257
0.08250938835790601
0.08232890145253327
0.08249659457449186
0.08233654701103599
0.08219527390043614
0.0820982496617204
0.08212124291112867
0.08207536956011238
0.08213985572427006
0.08203593755172471
0.08203497579542257
0.08191798905194816
0.08189634549415718
0.08188289706989871
0.08189490690069684
0.08184016761133227
0.08177065445204913
0.08173224885584944
0.08164721020197464
0.08156917054774397
0.08156213922015691
0.08159584918264616
0.08153313297336384
0.08121002326577396
0.08113761675559868
0.08118618140786381
0.08112393395375397
0.08103601003097276
0.08099623049719859
0.08093701378773835
0.08082141714580988
0.08081023167755644
0.08081283407696223
0.08066001989073672
0.08063208046606031
0.08051670203774662
0.0805025908906581
0.08034365055924755
0.08036283719337593
0.08037822529421014
0.08034309290223203
0.08017321764412573
0.08017839819698011
0.08003443378513142
0.0800383858761545
0.08000604985123974
0.08007347785820396
0.07984870975300418
0.07962345672866046
0.07957903005309024
0.07961499488959878
0.07944916870634434
0.0794604834863695
0.07949311854475635
0.07950360896223682
0.07928302732564635
0.079299126641225
0.07932714688575875
0.07921726420774299
0.07905737020201602
0.07901678246966863
0.0789604995210292
0.07906619573043565
0.0789617279828605
0.07889959367655092
0.07890580064159329
0.07874550253657972
0.07858107453685696
0.07866531307414426
0.07853135416063212
0.07859590498067565
0.07856139490159891
0.07842437291549424
0.07829582085043697
0.07839764578867767
0.07828074794704631
0.07826902906773454
0.07815895242206121
0.07825853865025408
0.07834623627743478
0.07822542675470902
0.07798855991686805
0.07781232413599047
0.07777587438033799
0.07785386554265426
0.07762470083721613
0.07770080081487106
0.07776489096172785
0.07769659010030455
0.0775659852108713
0.07750844955444336
0.07748080108125331
0.07737020718849312
0.07716487625897941
0.07717305522854045
0.07735264503349693
0.07713840775570627
0.07715157331046411
0.0770539025128898
0.07716278302467476
0.07712183968495515
0.07692545551364705
0.0769650572437351
0.07678688986826751
0.07678490978176311
0.07663046303441969
0.0765271106008756
0.07643610744153038
0.0765106233499818
0.07631280058521335
0.07631289756904214
0.07627147739216433
0.07630854137873246
0.0761716244584423
0.07617042024256819
0.07626107587652692
0.07599837093029992
0.07589923729330807
0.07599982568773173
0.07603221020456087
0.07600674386751854
0.0759659702494993
0.07590019096762447
0.07583093643188477
0.0759134535062111
0.07587409423569501
0.07576699176077116
0.07566924014333952
0.07567232746188923
0.07551227989843336
0.0755365420196016
0.07549167891680184
0.07540680998462741
0.07539063793117717
0.07544790688207594
0.0751402903411348
0.07514066211247848
0.07503223419189453
0.0748976772114382
0.0747207382978019
0.07477944584216102
0.07486577761375297
0.07471713373216532
0.0745444459430242
0.07457401792881853
0.07460510932793052
0.07447287187737933
0.07437097420126705
0.07424154119976496
0.07426564168121855
0.07432142354674258
0.07411947088726496
0.07394144090555482
0.0740456904395152
0.07391714645644366
0.07395606121774446
0.07385623252997964
0.07405738507286977
0.07386215662552138
0.07369452007746292
0.07376057414685265
0.07357687061115847
0.07362089318744207
0.07350561174295717
0.07340300285210044
0.07332996594703804
0.07347040661310746
0.0735561807276839
0.0734785613367113
0.07337642928301277
0.07324380389714645
0.07324112067788334
0.07336559942213156
0.0733772617275432
0.07339574522891287
0.07323210118180615
0.07307889097827976
0.07324188038454217
0.07321561393091235
0.07313312918452894
0.07303639589729956
0.07284962928901284
0.07279696706998146
0.07273494591147213
0.07283304505429025
0.07281853788990085
0.07270781468536894
0.07258449166508044
0.07260876186823441
0.07257522162744555
0.07253764847577629
0.07270746715998246
0.07249323796417753
0.07255099991620598
0.07238895610227424
0.07241852000608283
0.07233113757634567
0.07230410333407128
0.07250661365056442
0.07233929229994952
0.07224370665469412
0.07231649301819883
0.0723203238794359
0.07209879665051476
0.072184093927933
0.07201188297595008
0.07192632707498842
0.07182076825933942
0.07187935457391254
0.07162133717941026
0.0716468277624098
0.07168300273054737
0.07157057422702595
0.07149739184622038
0.07145938226732157
0.07137315556154412
0.07141295125928976
0.07147352574235302
0.07116918240563344
0.07115302651615465
0.07105534763659462
0.07100859334913351
0.07096933106244621
0.07099371441340042
0.0708125324572547
0.0707454358117055
0.07066617577762926
0.07056876360359839
0.07056320319741459
0.07059768903053414
0.07064982592049292
0.07052554114390228
0.07063943248684124
0.07048345016220868
0.07047148882332495
0.07051480018486411
0.07055589708231264
0.070505627131058
0.07033196142164327
0.0702249559305482
0.07023597167710126
0.07020916373042738
0.07024225138001523
0.07023939035706601
0.07019059132721464
0.07016847901425119
0.07003913491459215
0.07003224906274828
0.06998590695655953
0.06980253478228035
0.06981017225879733
0.0697764622963081
0.06962541806495796
0.06954183416851496
0.0695346250372418
0.06950441457457461
0.06979416992704747
0.06953574843325858
0.06955869319075245
0.06931595074928414
0.06933456356242551
0.06905717364812301
0.06907839694265593
0.06912172446816654
0.0690797466342732
0.06905060299372269
0.0689877898006116
0.06890038312491724
0.06878758285005214
0.06879743479065976
0.06873121099956965
0.06900521456185034
0.06873446803981975
0.068876694824736
0.06879322407609326
0.06878944170677055
0.06878109301550914
0.06871752819772493
0.06857752395888507
0.06866273233446024
0.06853562694484905
0.06853236990459895
0.06835588358216367
0.06815835176888159
0.0680950617386123
0.06829770944886289
0.06815292875645525
0.0682815778053413
0.0681368294408766
0.06797207007973881
0.06802743168200477
0.06805415072683561
0.06792031304310944
0.06774274373458604
0.06776677956015377
0.06776829897347143
0.06776106963723393
0.06768039121466168
0.06767825757042836
0.06756676253625903
0.06762254844277592
0.06756860118801311
0.0673730898711641
0.06741822776147875
0.06736866902496855
0.06724666336835441
0.06747173858901202
0.0671699653237553
0.06732926126253808
0.06713585934396517
0.06715161921614307
0.06710260197267694
0.06700262780916894
0.06701074616383698
0.06696297758716648
0.06685282820362155
0.06686209824125645
0.06676260091490664
0.06670726355859789
0.06668859417155637
0.06652369741666114
0.06644609418966002
0.06636480153617212
0.06638736239934372
0.06634174767187086
0.06640236256486279
0.06651106123196876
0.06621115086442333
0.06609252347784528
0.06608029543343237
0.0661295632184562
0.0660207109936213
0.06588985556263034
0.06575999825687731
0.06570015115252996
0.06564169414972855
0.06556011862674002
0.06561989703420866
0.0654691760822878
0.06554285954620878
0.06548748177997137
0.06561708854416669
0.06517663648573019
0.06519965802208852
0.0653526661759716
0.06532949512287722
0.06544208526611328
0.06520795013944981
0.06519752033686234
0.06524206420122566
0.0652007814181053
0.06525990114373675
0.06526870242619918
0.06519576250496557
0.06497711650395797
0.06525152416552528
0.06511795722832114
0.06503686258348368
0.06509849580667787
0.06506492323794608
0.06491731385053215
0.06490582126682087
0.06496814954078804
0.06494471986415022
0.06480183843838966
0.06473409119298902
0.06477819054813708
0.06463163990085408
0.0647137528758938
0.06466289293968071
0.06471184148626813
0.06468434252981413
0.06476652016073971
0.06473521862999868
0.06470528699583926
0.0648001533443645
0.06493519120297189
0.06449221352399406
0.06456763865584034
0.06456300767801576
0.06455897476713536
0.06446819386239779
0.064384573597019
0.064463146662308
0.06444044436438609
0.06429517875283451
0.06432702985860533
0.06428102719581734
0.06426113742893025
0.064255560858775
0.06425703178017826
0.06416615793260477
0.06417385602401475
0.0641292434627727
0.06408827991808876
0.0641861850932493
0.06412912223298671
0.06415828607850156
0.06410899000652766
0.06402348663847325
0.06401970831014342
0.06388341774374752
0.06398479009078721
0.06391435558513059
0.06389562962418896
0.06373227248757572
0.06389876543465307
0.06366183394092624
0.0636699644185729
0.0639298649157508
0.06382537292221845
0.06380554377022436
0.06368329161304538
0.06367259106393587
0.06361075579109839
0.0636346623048944
0.06355945538666288
0.06367211826777054
0.06348765906641039
0.0635020207550566
0.06337560233423266
0.06345748093168614
0.0634093607886363
0.06340188495183395
0.06342381542011843
0.06338296502323473
0.06326058759527692
0.06333617032584497
0.06319365663043523
0.06336905592578952
0.06313218908794856
0.06315430140091201
0.06316302590450998
0.06303639735205699
0.06300438864756439
0.0630446167315467
0.06305010844085177
0.06280449689444849
0.06276960696204234
0.06291288440510379
0.06280601226677329
0.06283134121005818
0.0627688836243193
0.06282829834242999
0.06269965737552965
0.06267107543298754
0.06256147966546527
0.06251643875897941
0.06254084231489795
0.06251111273038185
0.06255815392833645
0.06250944380032813
0.062435618901656845
0.06248144376075874
0.06241813756651798
0.06226352109747418
0.06218416812056202
0.06207220837221307
0.06216194670079118
0.06217590429015079
0.0621650461423195
0.0621285640587241
0.062001600103863214
0.06198745662883177
0.0618168984429311
0.06193755440792795
0.06187142355967376
0.061998670384035275
0.061966855647200246
0.061764058420213604
0.06172003584393
0.06178370168653585
0.06179788153050309
0.06176163382449393
0.061750015970003805
0.06156196836697853
0.06163989487340895
0.06158429889355676
0.0617063166731495
0.061537152629787636
0.061415243957002284
0.061257487636501504
0.0612107939639334
0.06135422900571662
0.06125080787529379
0.061136605375904145
0.06120433645733332
0.061179148948798744
0.06131355237152617
0.061272006923869506
0.06111336158493818
0.06112487841460664
0.06100497003329002
0.0610344046253269
0.06089202832367461
0.060864432383391814
0.060797772165072164
0.060884204961485784
0.060820401725122486
0.06080861010793912
0.06076221142785024
0.06077016410181078
0.06068116123393431
0.06077322313341044
0.060766543372202726
0.06075894226462154
0.06056687387369447
0.06052851272841631
0.06050758038536977
0.06037511259822522
0.060534723734451554
0.06036897837105444
0.0604160357329805
0.0602286953037068
0.06017597651077529
0.06032318179890261
0.06031225091319973
0.06010020385354252
0.06018973609148446
0.06016666202221887
0.06014218168743586
0.06001336291684943
0.060076786299883306
0.059924065056493725
0.059931399458545746
0.059956494024244404
0.059793254076424295
0.05972784252490027
0.05978574995267189
0.059832859847505214
0.059768450462212
0.059617349656961735
0.05969460535857637
0.05963702929221978
0.05946830975807319
0.05962415872994116
0.05957446664066638
0.05948585574909792
0.059419720859850866
0.05953753600686283
0.05954080112909867
0.05937679743362685
0.059428247354798396
0.059401908163296976
0.05938630184884799
0.05930249165680449
0.05938160621513754
0.05929494712312343
0.05942059371430995
0.05929608264211881
0.05923992496425823
0.05915449029308254
0.059221037363601944
0.05910915843511032
0.059022608449903584
0.059014482013249804
0.058920698650812696
0.05885609125686904
0.058833437450861524
0.058725530818357304
0.05880991887238066
0.05870407718723103
0.058734812978970805
0.058681799193560064
0.05856655007701809
0.05866641917471158
0.0586755316136247
0.05862112772666802
0.05853075092121706
0.05851703983242229
0.058428849204111906
0.05858681565624172
0.05859874466718253
0.05840591656959663
0.05851838548304671
0.058333235271906446
0.05832976810002731
0.058353088669857736
0.05829931517778817
0.0583491446608204
0.05818683818235236
0.05814799615892313
0.05814168008707338
0.05798525729421842
0.05791862536284883
0.05793560157387943
0.057780710317320745
0.05774175514609127
0.05795399213241319
0.057930655398611294
0.05789391469147246
0.05785108824907723
0.05776856309276516
0.05775519548836401
0.05764433489007465
0.05752920296232579
0.057601839809094446
0.05754298274799929
0.05759250511557369
0.05751379869752011
0.05759048057814776
0.057581186294555664
0.05740411402815479
0.05749325833078158
0.05733626171693963
0.05747030549130197
0.057305057170027394
0.05743383957167803
0.05738334736581576
0.057254726603879764
0.057196362543914275
0.05722538899567168
0.05722641944885254
0.05706183385040801
0.05717001527042712
0.05718721777705823
0.05711801577422578
0.057016954583636786
0.05696342759213205
0.05690965814105535
0.05692340559878592
0.05691916659726935
0.056784201476533534
0.05675300501160702
0.05679485353372865
0.05675477496648239
0.056725142365795074
0.05671459133342161
0.0565988572977357
0.056545750569489045
0.05663938037419723
0.056505304271891967
0.056395009412603864
0.056563175330727786
0.05652467275069932
0.056424670300241245
0.056322962550793665
0.056376420845419675
0.05623117139783956
0.05625636698835987
0.05623321614022982
0.05632677724805929
0.056182614827560165
0.05625610432382357
0.05611946623204118
0.05602766295610848
0.05606944682234424
0.056145615496877896
0.056096727565183475
0.05596991716805151
0.05608382467496193
0.05603331630512819
0.05589996758153883
0.05589521537392826
0.05579126487343998
0.055784669973082464
0.055721295081962975
0.055776305117849576
0.05576231115955418
0.05565747568162821
0.05576642893128476
0.05572037777658236
0.055689213639598785
0.05566528287984557
0.05568146301528155
0.05543026277574442
0.055577742851386634
0.05552126593508963
0.055486840716863085
0.05543440883442507
0.055311247453851214
0.05528818954855709
0.055299985206733314
0.05539704177339198
0.055242021205061574
0.05515707953501556
0.055188122442213154
0.05514483532663119
0.0551189689312951
0.055022595292430816
0.05501433550301245
0.05504716452905687
0.05494030855469784
0.05505169852305267
0.054934279393341584
0.054917723445569055
