0.21871666610240936
0.4157833456993103
0.48036667704582214
0.5442333221435547
0.6170833706855774
0.6492500305175781
0.6741833686828613
0.6908833384513855
0.7072499990463257
0.7209500074386597
0.7451833486557007
0.7604833245277405
0.7704166769981384
0.7803666591644287
0.7890833616256714
0.7960333228111267
0.8071333169937134
0.8144833445549011
0.8212000131607056
0.8246500492095947
0.8292666077613831
0.8336833715438843
0.8398833274841309
0.8437000513076782
0.847183346748352
0.8518666625022888
0.8565499782562256
0.8615999817848206
0.8655166625976562
0.8672666549682617
0.8712499737739563
0.8749833106994629
0.8768166899681091
0.8796833753585815
0.8823833465576172
0.8845166563987732
0.888166606426239
0.8904666304588318
0.8921666145324707
0.8936500549316406
0.8960000276565552
0.8981166481971741
0.9005333185195923
0.9022666811943054
0.9037666916847229
0.9049833416938782
0.9070500135421753
0.9086499810218811
0.9101499915122986
0.9107166528701782
0.9119499921798706
0.9128666520118713
0.9137833714485168
0.9146167039871216
0.9147832989692688
0.916016697883606
0.9163333177566528
0.9171832799911499
0.9184166789054871
0.9184333086013794
0.9193333387374878
0.9201833009719849
0.9211000204086304
0.9212499856948853
0.9215333461761475
0.9223666787147522
0.9227333664894104
0.923799991607666
0.924916684627533
0.9255166053771973
0.9259666800498962
0.9271833896636963
0.9271000027656555
0.9282500147819519
0.9293500185012817
0.9299166798591614
0.9308333396911621
0.9312499761581421
0.9316332936286926
0.9325166940689087
0.9324999451637268
0.9333166480064392
0.9335832595825195
0.9343832731246948
0.9345666766166687
0.9349833130836487
0.9355999827384949
0.9357333183288574
0.9366999864578247
0.9368500113487244
0.9376999735832214
0.9383500218391418
0.9384833574295044
0.9397333860397339
0.9406499862670898
0.940583348274231
0.941516637802124
0.9412832856178284
0.9421666860580444
0.9419166445732117
0.9427833557128906
0.9430500268936157
0.943316638469696
0.9437833428382874
0.9440500140190125
0.943816602230072
0.9441333413124084
0.9448000192642212
0.9451333284378052
0.9456499814987183
0.9458833336830139
0.9462833404541016
0.9464666843414307
0.9468500018119812
0.9471166729927063
0.9472000002861023
0.9476000070571899
0.9479166865348816
0.9479999542236328
0.9482166767120361
0.9484833478927612
0.9488999843597412
0.9489666819572449
0.9491333365440369
0.9496666193008423
0.9497500061988831
0.9497333765029907
0.9501500129699707
0.9508000016212463
0.9506166577339172
0.9510666728019714
0.9513666033744812
0.9515833258628845
0.9519833326339722
0.9520000219345093
0.9524500370025635
0.9527666568756104
0.9527666568756104
0.9528833627700806
0.9533833265304565
0.9531666040420532
0.9539166688919067
0.9534167051315308
0.9540666937828064
0.9543333053588867
0.9545832872390747
0.9546500444412231
0.9553000330924988
0.9555000066757202
0.9555333256721497
0.9559333324432373
0.9561166763305664
0.9561166763305664
0.9558666944503784
0.9559333324432373
0.9560500383377075
0.9565833210945129
0.9568166732788086
0.9570500254631042
0.95701664686203
0.9572166800498962
0.9571666717529297
0.9573999643325806
0.9576999545097351
0.9578999876976013
0.9584000110626221
0.9585833549499512
0.9588833451271057
0.9587500095367432
0.9592999815940857
0.9590499401092529
0.9592500329017639
0.959683358669281
0.9595666527748108
0.960016667842865
0.9603666663169861
0.9601500034332275
0.9607332944869995
0.9607332944869995
0.9605833292007446
0.9609833359718323
0.9609000086784363
0.961233377456665
0.9614333510398865
0.9616833329200745
0.9618666768074036
0.9621000289916992
0.962066650390625
0.9617999792098999
0.9620499610900879
0.9621666669845581
0.9624333381652832
0.9625999927520752
0.9632166624069214
0.9632999897003174
0.963283360004425
0.9631833434104919
0.9632833003997803
0.9638832807540894
0.9638667106628418
0.9636833071708679
0.9640833139419556
0.9636500477790833
0.9640833139419556
0.9643666744232178
0.964033305644989
0.9646333456039429
0.964483380317688
0.9647833108901978
0.9647666811943054
0.9649666547775269
0.9649500250816345
0.9651500582695007
0.9653833508491516
0.9657999873161316
0.9656500220298767
0.965916633605957
0.9660333395004272
0.9661500453948975
0.9663833379745483
0.9663000106811523
0.9665666222572327
0.9668833613395691
0.9669333100318909
0.9669833183288574
0.9672999978065491
0.9669666886329651
0.9670333862304688
0.9674166440963745
0.9674833416938782
0.9672666788101196
0.9675666689872742
0.9678999781608582
0.9679833650588989
0.967799961566925
0.968000054359436
0.9680166840553284
0.9681833386421204
0.9682832956314087
0.96833336353302
0.9688000082969666
0.9687333106994629
0.9684833288192749
0.9685832858085632
0.9685333371162415
0.9687833189964294
0.968833327293396
0.9690500497817993
0.9692500233650208
0.9695833325386047
0.9697833061218262
0.9697499871253967
0.970133364200592
0.9702833294868469
0.9702666997909546
0.9702666997909546
0.9703667163848877
0.970716655254364
0.9705499410629272
0.9700499773025513
0.970550000667572
0.9708666801452637
0.9710500240325928
0.9709166884422302
0.9710500240325928
0.971250057220459
0.9712166786193848
0.9715166091918945
0.9712666273117065
0.9714166522026062
0.971833348274231
0.9717166423797607
0.9716999530792236
0.9722833633422852
0.9722333550453186
0.9723166227340698
0.9721499681472778
0.9723999500274658
0.9723833203315735
0.9726333618164062
0.9724499583244324
0.9726333618164062
0.9729333519935608
0.9730833172798157
0.9728999733924866
0.9730666875839233
0.9731667041778564
0.9731667041778564
0.9732333421707153
0.973300039768219
0.9736999869346619
0.9736332893371582
0.9737833142280579
0.9737832546234131
0.9736666679382324
0.9738500118255615
0.973966658115387
0.9740833044052124
0.9741833209991455
0.9741833209991455
0.9743167161941528
0.9742832779884338
0.974399983882904
0.9746166467666626
0.974566638469696
0.9746333360671997
0.9746333360671997
0.9744666814804077
0.9743499755859375
0.9745333194732666
0.9746000170707703
0.9745833277702332
0.9749833345413208
0.9748333096504211
0.9748166799545288
0.9752166867256165
0.9751666784286499
0.9750666618347168
0.9751666784286499
0.9752333760261536
0.9750999808311462
0.9752166867256165
0.9753000140190125
0.9753999710083008
0.9754166603088379
0.9756333231925964
0.9755333065986633
0.975350022315979
0.9756666421890259
0.9758833646774292
0.9758000373840332
0.9758166670799255
0.9760667085647583
0.9760666489601135
0.9759999513626099
0.9762833118438721
0.9759333729743958
0.9763500094413757
0.9764166474342346
0.9764833450317383
0.976433277130127
0.9765333533287048
0.976650059223175
0.9766499996185303
0.9767333269119263
0.9767500162124634
0.9768333435058594
0.9767166376113892
0.9771666526794434
0.9770499467849731
0.9768500328063965
0.9770832657814026
0.9771000146865845
0.977233350276947
0.9772999882698059
0.9774333238601685
0.9771833419799805
0.977199912071228
0.9772167205810547
0.9775333404541016
0.9776500463485718
0.9776999950408936
0.9778000116348267
0.977566659450531
0.9779166579246521
0.9778333902359009
0.9782166481018066
0.9781500101089478
0.978266716003418
0.9778000116348267
0.9781833291053772
0.9784166812896729
0.9781166315078735
0.9785667061805725
0.9783666729927063
0.97843337059021
0.9785333275794983
0.9785666465759277
0.978516697883606
0.9784333109855652
0.9786333441734314
0.978516697883606
0.978516697883606
0.9788666367530823
0.978783369064331
0.978516697883606
0.978950023651123
0.979116678237915
0.978866696357727
0.9788333177566528
0.9790833592414856
0.9790500402450562
0.9793833494186401
0.9790499806404114
0.9791833162307739
0.9793000221252441
0.9794000387191772
0.9792166948318481
0.9792666435241699
0.9793332815170288
0.9795999526977539
0.9793832898139954
0.9794999957084656
0.9795500040054321
0.9794167280197144
0.9797166585922241
0.9796666502952576
0.9796167016029358
0.9797999858856201
0.9797166585922241
0.9797999858856201
0.9799666404724121
0.9799500107765198
0.9800000190734863
0.9799833297729492
0.9801833629608154
0.9800833463668823
0.9799500107765198
0.980199933052063
0.9801499843597412
0.9801499843597412
0.9801499843597412
0.9801999926567078
0.9801666736602783
0.980233371257782
0.9803500175476074
0.9805333614349365
0.9805166721343994
0.9806166887283325
0.9805166721343994
0.9806666374206543
0.9808000326156616
0.98089998960495
0.9808667302131653
0.980816662311554
0.9809499979019165
0.9809999465942383
0.9810000061988831
0.9811000227928162
0.9809666275978088
0.9809999465942383
0.9811999797821045
0.9812666773796082
0.9813166856765747
0.981249988079071
0.9812166690826416
0.9813666343688965
0.9812333583831787
0.981416642665863
0.981333315372467
0.9815999865531921
0.9815999865531921
0.9816999435424805
0.9815499782562256
0.9816000461578369
0.9816666841506958
0.9816833138465881
0.9818333387374878
0.9820166230201721
0.9818999767303467
0.9818500280380249
0.9817667007446289
0.9819833040237427
0.9820166826248169
0.9818166494369507
0.9818166494369507
0.9821666479110718
0.9821666479110718
0.9819333553314209
0.9819499850273132
0.9819833040237427
0.9822332859039307
0.9822332859039307
0.9821832776069641
0.9822332859039307
0.9821499586105347
0.9823333024978638
0.982200026512146
0.982283353805542
0.9824000000953674
0.9824666976928711
0.98253333568573
0.9823166728019714
0.982283353805542
0.9823833703994751
0.9824000000953674
0.9825166463851929
0.9825500249862671
0.982616662979126
0.9825500249862671
0.9826500415802002
0.9827666282653809
0.9828999638557434
0.9827833771705627
0.9829833507537842
0.9828499555587769
0.9828000068664551
0.9828333854675293
0.9828166961669922
0.9828999638557434
0.9829166531562805
0.9831500053405762
0.9829332828521729
0.983033299446106
0.9831500053405762
0.9831333756446838
0.9832333326339722
0.9830666780471802
0.9833499193191528
0.9834333062171936
0.9832167029380798
0.9836000204086304
0.9831500053405762
0.9834499359130859
0.9835333228111267
0.9834333658218384
0.9837499856948853
0.9833332896232605
0.9834333658218384
0.9833499789237976
0.9834166765213013
0.9835500121116638
0.9835666418075562
0.9836999773979187
0.9838666915893555
0.9837332963943481
0.9839999675750732
0.9838666915893555
0.9837833642959595
0.9837166666984558
0.9839833378791809
0.9839333295822144
0.9841499924659729
0.9839999675750732
0.9838500022888184
0.9837499856948853
0.9840666651725769
0.9837833046913147
0.9839999675750732
0.9838166832923889
0.9839333295822144
0.9840667247772217
0.9842166304588318
0.98416668176651
0.9840333461761475
0.9841499924659729
0.9842166900634766
0.9842499494552612
0.9842999577522278
0.9843332767486572
0.9842000007629395
0.9844666719436646
0.9843999743461609
0.9843500256538391
0.9842166900634766
0.9843666553497314
0.9843833446502686
0.9844833612442017
0.984499990940094
0.9845499992370605
0.9846999645233154
0.984499990940094
0.9844499826431274
0.9845666289329529
0.9846833348274231
0.9847999811172485
0.9847166538238525
0.9847666621208191
0.9847333431243896
0.984833300113678
0.9847166538238525
0.9846999645233154
0.9849500060081482
0.9850833415985107
0.9850499629974365
0.985116720199585
0.9851500391960144
0.9850500226020813
0.985200047492981
0.9850833415985107
0.9851833581924438
0.9851499795913696
0.9851000308990479
0.9851833581924438
0.9852166175842285
0.9851666688919067
0.9850666522979736
0.9852499961853027
0.9853333234786987
0.9852666258811951
0.9852499961853027
0.9852666854858398
0.9852666854858398
0.9853999614715576
0.9852499961853027
0.9855000376701355
0.9854665994644165
0.9854000210762024
0.9853000640869141
0.9854333400726318
0.9855833053588867
0.9855333566665649
0.985366702079773
0.985716700553894
0.9854167103767395
0.9857833385467529
0.9857499599456787
0.9858333468437195
0.9859166741371155
0.9857500195503235
0.9856833219528198
0.9859499931335449
0.9858666658401489
0.9860000610351562
0.9859166741371155
0.9859499931335449
0.9860166907310486
0.986133337020874
0.9859999418258667
0.9860166907310486
0.9863666892051697
0.9861500263214111
0.986133337020874
0.9859833121299744
0.9864499568939209
0.9864499568939209
0.9864166378974915
0.9861834049224854
0.9865000247955322
0.9862499833106995
0.9864166975021362
0.9864333271980286
0.9865666031837463
0.9862500429153442
0.9865333437919617
0.9864833354949951
0.986383318901062
0.9864833354949951
0.9866166114807129
0.986466646194458
0.986466646194458
0.9863166213035583
0.9865833520889282
0.9864500164985657
0.9864333271980286
0.986549973487854
0.9866500496864319
0.9864000082015991
0.98663330078125
0.9866499900817871
0.9867166876792908
0.9865333437919617
0.9866166114807129
0.98663330078125
0.9868333339691162
0.9868166446685791
0.986716628074646
0.9869000315666199
0.9868333339691162
0.9870166778564453
0.986833393573761
0.9869499802589417
0.986799955368042
0.9868166446685791
0.9869999885559082
0.9868166446685791
0.9870333671569824
0.9871166348457336
0.9870666861534119
0.9869832992553711
0.9868666529655457
0.9870500564575195
0.9870499968528748
0.9869999885559082
0.9869999885559082
0.9871000051498413
0.9871000051498413
0.9872000217437744
0.9871000051498413
0.9871333241462708
0.9871499538421631
0.9872999787330627
0.9872000217437744
0.9873499870300293
0.9870499968528748
0.9874666333198547
0.9874166250228882
0.9872999787330627
0.987250030040741
0.9872499704360962
0.9875333905220032
0.9874500036239624
0.9875333309173584
0.9876832962036133
0.987500011920929
0.9874833226203918
0.9877333641052246
0.9876999855041504
0.9877166748046875
0.9878166913986206
0.9877333641052246
0.9877333641052246
0.98785001039505
0.9877833127975464
0.9876499772071838
0.9878000020980835
0.9877833127975464
0.9879833459854126
0.9877833127975464
0.9878666400909424
0.988099992275238
0.9878333210945129
0.988016664981842
0.988016664981842
0.9880833625793457
0.9880500435829163
0.9881666898727417
0.9879833459854126
0.9880332946777344
0.9881166815757751
0.9882166385650635
0.9879666566848755
0.9883666634559631
0.9881166815757751
0.9880000352859497
0.98826664686203
0.9886500239372253
0.9882667064666748
0.9881500601768494
0.9884333610534668
0.9883667230606079
0.9883500337600708
0.9883333444595337
0.9883500337600708
0.988433301448822
0.9885333180427551
0.9884999990463257
0.9884833097457886
0.9886333346366882
0.988800048828125
0.9886000156402588
0.9886167049407959
0.9885500073432922
0.9887833595275879
0.9886666536331177
0.9887999892234802
0.9887500405311584
0.9887333512306213
0.9886833429336548
0.9886833429336548
0.9887000322341919
0.9885833263397217
0.9887999892234802
0.9888666868209839
0.9887166619300842
0.9887166619300842
0.9887832999229431
0.9886666536331177
0.9889000058174133
0.9889166951179504
0.988966703414917
0.9888666868209839
0.9888666868209839
0.9889166355133057
0.9889166951179504
0.9889000058174133
0.988966703414917
0.9891500473022461
0.9890000224113464
0.9891000390052795
0.9889833331108093
0.9890832901000977
0.989050030708313
0.9889833331108093
0.9889166951179504
0.9890333414077759
0.9891500473022461
0.9889500141143799
0.9889666438102722
0.9888833165168762
0.989133358001709
0.9891166090965271
0.9892000555992126
0.9891332983970642
0.989216685295105
0.9892500042915344
0.9894499778747559
0.9893999695777893
0.9894332885742188
0.9893666505813599
0.9894999861717224
0.9893666505813599
0.9893333315849304
0.989466667175293
0.9894332885742188
0.9893167018890381
0.989383339881897
0.9894499778747559
0.9896000027656555
0.9894167184829712
0.9893333315849304
0.9894333481788635
0.9896000027656555
0.989549994468689
0.9894500374794006
0.989633321762085
0.9897000193595886
0.989716649055481
0.9896000027656555
0.9895000457763672
0.9895833730697632
0.9895833134651184
0.9896999597549438
0.9896833896636963
0.9895666837692261
0.9896166920661926
0.989799976348877
0.9899166822433472
0.9897500276565552
0.9899666905403137
0.9900000095367432
0.9898500442504883
0.9899999499320984
0.9900000095367432
0.990149974822998
0.9900166988372803
0.9899666905403137
0.9901833534240723
0.9899500012397766
0.9900000095367432
0.9901000261306763
0.9901166558265686
0.9901833534240723
0.990233302116394
0.990149974822998
0.9900500774383545
0.9900333285331726
0.9901833534240723
0.9901500344276428
0.9901000261306763
0.9902833700180054
0.9901833534240723
0.9902666807174683
0.990066647529602
0.9903333187103271
0.9903500080108643
0.9903666377067566
0.9902666807174683
0.9902167320251465
0.9904332756996155
0.9904500246047974
0.9903666973114014
0.9902833700180054
0.9904333353042603
0.99031662940979
0.9904000163078308
0.9905166625976562
0.9903666973114014
0.9905999898910522
0.9904666543006897
0.9904666543006897
0.9907499551773071
0.9903832674026489
0.9905333518981934
0.9904833436012268
0.9904833436012268
0.9906833171844482
0.9905333518981934
0.9905666708946228
0.990516722202301
0.9904833436012268
0.990483283996582
0.9906666874885559
0.9906833171844482
0.9909000396728516
0.9906166791915894
0.9906833171844482
0.9905833601951599
0.9906499981880188
0.9906833171844482
0.9907665848731995
0.9907833337783813
0.9906333088874817
0.9907833337783813
0.9907666444778442
0.9908499717712402
0.9908833503723145
0.9909499883651733
0.9910166263580322
0.990766704082489
0.9908499717712402
0.9908333420753479
0.9909499883651733
0.991016685962677
0.9911666512489319
0.9908000230789185
0.9911666512489319
0.9910999536514282
0.9910999536514282
0.9911500215530396
0.9912333488464355
0.9911499619483948
0.9912667274475098
0.9912166595458984
0.9911333322525024
0.9911666512489319
0.9910666346549988
0.9910999536514282
0.9912499785423279
0.9911500215530396
0.9912333488464355
0.9912667274475098
0.991183340549469
0.9910833239555359
0.991100013256073
0.9912500381469727
0.9912166595458984
0.9913000464439392
0.9912166595458984
0.991266667842865
0.9911333322525024
0.9911999702453613
0.9911999702453613
0.9912166595458984
0.9912333488464355
0.9914000034332275
0.9913666248321533
0.9913499355316162
0.9915167093276978
0.9914333820343018
0.9914833307266235
0.9914499521255493
0.9915167093276978
0.9916000366210938
0.9916166663169861
0.9915833473205566
0.9916166663169861
0.9915666580200195
0.9916833639144897
0.9917333126068115
0.9916333556175232
0.9917333126068115
0.9916499853134155
0.9916499853134155
0.9918333292007446
0.9916499853134155
0.9916000366210938
0.9917499423027039
0.9916999936103821
0.9917333126068115
0.9916833639144897
0.9917500019073486
0.9917166233062744
0.9918666481971741
0.9918666481971741
0.9919333457946777
0.9917833209037781
0.9918332695960999
0.9918999671936035
0.9919166564941406
0.9919832944869995
0.9920000433921814
0.9919833540916443
0.9919333457946777
0.9919499754905701
0.9919832944869995
0.9920667409896851
0.9920166730880737
0.9919999837875366
0.9919999837875366
0.9919333457946777
0.9919499754905701
0.9919999837875366
0.9920333623886108
0.9921166896820068
0.9919333457946777
0.9921166300773621
0.9919832944869995
0.9920833110809326
0.9919999837875366
0.9920166730880737
0.9920666813850403
0.9921333193778992
0.9920166730880737
0.9921500086784363
0.9920833110809326
0.9921000003814697
0.9922166466712952
0.9920833110809326
0.9922166466712952
0.9922000169754028
0.9922333359718323
0.9921833276748657
0.9922000169754028
0.9922333359718323
0.9922666549682617
0.9924333095550537
0.9922166466712952
0.9923499822616577
0.9923166632652283
0.9922332763671875
0.9922333359718323
0.9921166896820068
0.9922333359718323
0.9922333359718323
0.9924499988555908
0.9922833442687988
0.9922499656677246
0.992283284664154
0.9923833608627319
0.9922000169754028
0.9923666715621948
0.9923332929611206
0.9922833442687988
0.9923666715621948
0.9923000335693359
0.9924333095550537
0.9923666715621948
0.9924166202545166
0.9923499822616577
0.9923833608627319
0.9925666451454163
0.9925333261489868
0.9925833344459534
0.9923500418663025
0.9924666881561279
0.9926000237464905
0.9925166964530945
0.9925500154495239
0.9924333095550537
0.9924499988555908
0.9925000071525574
0.9925500154495239
0.9926833510398865
0.9925833940505981
0.9925832748413086
0.9925833344459534
0.9925333261489868
0.9927666783332825
0.9925000071525574
0.9927666783332825
0.9927166700363159
0.9926166534423828
0.9926666617393494
0.9926333427429199
0.9927666783332825
0.9928833842277527
0.9927499890327454
0.9927999973297119
0.9928666353225708
0.9929500222206116
0.9927999973297119
0.9927166700363159
0.992900013923645
0.9930166006088257
0.9929333329200745
0.992900013923645
0.9928833246231079
0.9929666519165039
0.9929166436195374
0.992983341217041
0.992983341217041
0.993066668510437
0.9928499460220337
0.992900013923645
0.9930500388145447
0.9929499626159668
0.9931333065032959
0.9931666851043701
0.9929500222206116
0.992900013923645
0.9929666519165039
0.992900013923645
0.9932999610900879
0.9929999709129333
0.9929332733154297
0.9930000305175781
0.9929999709129333
0.9930166602134705
0.9931166768074036
0.9930833578109741
0.9932166337966919
0.9931666851043701
0.9932166337966919
0.9930499792098999
0.9932000041007996
0.9932000041007996
0.9930832982063293
0.9932833313941956
0.9932667016983032
0.993233323097229
0.9931833744049072
0.9933833479881287
0.993483304977417
0.9934000372886658
0.9934332966804504
0.9933833479881287
0.9933500289916992
0.9932833313941956
0.9933832883834839
0.9933333396911621
0.9933000206947327
0.9934500455856323
0.9933500289916992
0.9934333562850952
0.993399977684021
0.9933500289916992
0.9933499693870544
0.9934333562850952
0.9934499859809875
0.9936166405677795
0.9935166835784912
0.9935500025749207
0.993566632270813
0.9936000108718872
0.9936000108718872
0.9934666156768799
0.9935500025749207
0.9936167001724243
0.9935833215713501
0.9936167001724243
0.9936167001724243
0.9936333298683167
0.9935333728790283
0.993649959564209
0.9936999678611755
0.9935500025749207
0.9938166737556458
0.9937666654586792
0.9936667084693909
0.9938666820526123
0.9937499761581421
0.9937166571617126
0.9937833547592163
0.9937833547592163
0.9938499927520752
0.9938833117485046
0.9938000440597534
0.9938833117485046
0.9938333034515381
0.9937999844551086
0.9938333630561829
0.9939666390419006
0.9939000010490417
0.9938000440597534
0.9939166307449341
0.9940500259399414
0.9939166307449341
0.9939499497413635
0.9939500093460083
0.9939166903495789
0.9940666556358337
0.9939500093460083
0.9940500259399414
0.9940666556358337
0.9939000010490417
0.9939666390419006
0.9941166639328003
0.9940166473388672
0.9940333366394043
0.9940499663352966
0.9940500259399414
0.9940667152404785
0.9940166473388672
0.9940333366394043
0.9939333200454712
0.9941167235374451
0.9939833879470825
0.9941666126251221
0.9942166805267334
0.9940666556358337
0.9941166639328003
0.9942166805267334
0.9939333200454712
0.9940500259399414
0.9940333366394043
0.9940667152404785
0.9941833019256592
0.9941499829292297
0.9941666126251221
0.9940166473388672
0.9940333366394043
0.9940832853317261
0.9941332936286926
0.9940999746322632
0.9942166805267334
0.9942666292190552
0.9941666126251221
0.9943833351135254
0.9941999912261963
0.994183361530304
0.9941499829292297
0.9941666126251221
0.9941666722297668
0.9944332838058472
0.9941666722297668
0.9944499731063843
0.9942499995231628
0.9943999648094177
0.9944499731063843
0.9944167137145996
0.9943000078201294
0.9943999648094177
0.9943667054176331
0.9943000078201294
0.9943333864212036
0.9944000244140625
0.9944666624069214
0.9943833351135254
0.9943499565124512
0.9944833517074585
0.9944999814033508
0.9943000078201294
0.9944334030151367
0.9943666458129883
0.9943333268165588
0.9944000244140625
0.9944000244140625
0.9944499731063843
0.9944333434104919
0.9945333003997803
0.9943832755088806
0.9945499897003174
0.9943000078201294
0.9944167137145996
0.9944332838058472
0.9944499731063843
0.9944666624069214
0.9945333003997803
0.9944499731063843
0.9946333169937134
0.9944333434104919
0.9944833517074585
0.9945833086967468
0.994616687297821
0.9945000410079956
0.9946500062942505
0.9945333003997803
0.9945833683013916
0.9944666624069214
0.9945666790008545
0.9945833683013916
0.994616687297821
0.9945999979972839
0.9945833683013916
0.9945666790008545
0.9945666790008545
0.9945499897003174
0.9944999814033508
0.994616687297821
0.9945999979972839
0.9946500062942505
0.9946833848953247
0.9947000741958618
0.9946500062942505
0.9945333003997803
0.9945999979972839
0.9945999383926392
0.9945833086967468
0.9946166276931763
0.9944666624069214
0.9946833252906799
0.9946500062942505
0.9948333501815796
0.9947500228881836
0.9948333501815796
0.9948166608810425
0.9945999979972839
0.9947665929794312
0.9946000576019287
0.9947333335876465
0.9947499632835388
0.9946833252906799
0.994616687297821
0.9947500228881836
0.994783341884613
0.9947166442871094
0.9946999549865723
0.9947166442871094
0.9947499632835388
0.9947500228881836
0.9949166774749756
0.9948833584785461
0.9947999715805054
0.9947666525840759
0.994783341884613
0.9948167204856873
0.9947999715805054
0.9948666095733643
0.9948166608810425
0.9949166774749756
0.9949333667755127
0.9949166774749756
0.9948333501815796
0.9949666261672974
0.994866669178009
0.9950500130653381
0.9948999881744385
0.9949166774749756
0.9950333833694458
0.9950000047683716
0.9950667023658752
0.9949333071708679
0.9951000213623047
0.994949996471405
0.9950000047683716
0.9950833320617676
0.9949833750724792
0.995033323764801
0.9949666857719421
0.995033323764801
0.995033323764801
0.9951333403587341
0.9950166940689087
0.9951000213623047
0.9950833320617676
0.9951500296592712
0.9950832724571228
0.9950333833694458
0.9950833320617676
0.9951000213623047
0.9950667023658752
0.9950833320617676
0.9952166080474854
0.9951833486557007
0.9950833916664124
0.9950166940689087
0.9951167106628418
0.9950667023658752
0.9953166842460632
0.9952166676521301
0.9950833320617676
0.9951833486557007
0.9952833652496338
0.9950499534606934
0.9951333403587341
0.9951000213623047
0.9951666593551636
0.9952166676521301
0.9951000213623047
0.9953000545501709
0.995199978351593
0.9952666163444519
0.9953500032424927
0.9951666593551636
0.995199978351593
0.9952499866485596
0.9953333139419556
0.995199978351593
0.9954000115394592
0.9953000545501709
0.9953833222389221
0.9952999949455261
0.9952833652496338
0.9953166246414185
0.9952499866485596
0.9952499866485596
0.9953500032424927
0.9952666759490967
0.995366632938385
0.9951666593551636
0.9952166676521301
0.9953999519348145
0.9952499866485596
0.9952999949455261
0.9953999519348145
0.9954166412353516
0.9952833652496338
0.9953500032424927
0.9952999949455261
0.9953000545501709
0.995366632938385
0.9952999353408813
0.9954166412353516
0.9954666495323181
0.9954166412353516
0.9952000379562378
0.9953833818435669
0.9953999519348145
0.9953333139419556
0.9954167008399963
0.9953500032424927
0.9954500198364258
0.9955166578292847
0.9955500364303589
0.9954999685287476
0.9954833984375
0.9954333305358887
0.9954000115394592
0.9954166412353516
0.9954666495323181
0.9953666925430298
0.9954999685287476
0.9955666065216064
0.9954999685287476
0.9953666925430298
0.9954167008399963
0.9954333305358887
0.9954333305358887
0.9954500198364258
0.9955833554267883
0.9954333305358887
0.9954667091369629
0.9953833222389221
0.9954666495323181
0.9955166578292847
0.9955166578292847
0.9954666495323181
0.9954833984375
0.9955499768257141
0.9955499768257141
0.995650053024292
0.9954833388328552
0.9955666065216064
0.9955999851226807
0.9955832958221436
0.9955999851226807
0.995566725730896
0.9957000017166138
0.9955500364303589
0.9956166744232178
0.9957166314125061
0.995650053024292
0.9956166744232178
0.9955666065216064
0.9956499934196472
0.9956166744232178
0.9955499768257141
0.9955333471298218
0.9956666231155396
0.9955832958221436
0.9955333471298218
0.995733380317688
0.9956666231155396
0.995650053024292
0.9956833124160767
0.995699942111969
0.995733380317688
0.9957000017166138
0.9957500100135803
0.9956833720207214
0.9956833124160767
0.9957000017166138
0.9957000017166138
0.9958000183105469
0.9957666993141174
0.9957666993141174
0.9958000183105469
0.9956833720207214
0.9958332777023315
0.9957666397094727
0.9958166480064392
0.9957999587059021
0.9958000183105469
0.9958333373069763
0.9957833290100098
0.9958000183105469
0.9958666563034058
0.9958166480064392
0.9958666563034058
0.9958666563034058
0.9958499670028687
0.9958333373069763
0.9957500100135803
0.9958333373069763
0.9958000183105469
0.9957999587059021
0.995816707611084
0.9958833456039429
0.995816707611084
0.9958666563034058
0.9957833886146545
0.9958833456039429
0.9959500432014465
0.9959666728973389
0.9959333539009094
0.9958833456039429
0.9958833456039429
0.995983362197876
0.9958666563034058
0.9960166811943054
0.9958833456039429
0.9958999752998352
0.995983362197876
0.9959499835968018
0.9959332942962646
0.9959666728973389
0.9960166215896606
0.9959999322891235
0.9959999918937683
0.9959999918937683
0.9959499835968018
0.9960166811943054
0.9959499835968018
0.9959333539009094
0.9960833191871643
0.996066689491272
0.9961000084877014
0.9960833191871643
0.9961000084877014
0.9960500001907349
0.9961833357810974
0.9961333870887756
0.9960500001907349
0.9961667060852051
0.9960833787918091
0.9961166977882385
0.996150016784668
0.9962000250816345
0.9961166381835938
0.9961999654769897
0.9962166547775269
0.9961166977882385
0.9961833357810974
0.996233344078064
0.9961333274841309
0.9962166547775269
0.9962499737739563
0.9962332844734192
0.9961999654769897
0.9961999654769897
0.9962999820709229
0.9962500333786011
0.9962166547775269
0.9961667060852051
0.9961833357810974
0.9962499737739563
0.9962833523750305
0.9963000416755676
0.9963499903678894
0.9963500499725342
0.9963499903678894
0.9962832927703857
0.9963500499725342
0.9963833093643188
0.9963833093643188
0.9963833093643188
0.99631667137146
0.99631667137146
0.9963666200637817
0.9963833093643188
0.9963666796684265
0.9963666796684265
0.9962500333786011
0.9963499903678894
0.9962833523750305
0.9963833093643188
0.9963666796684265
0.996233344078064
0.9963833093643188
0.996399998664856
0.9963666200637817
0.9964000582695007
0.9965500235557556
0.9963000416755676
0.996399998664856
0.9963666200637817
0.996399998664856
0.9963333606719971
0.996399998664856
0.9963666796684265
0.9963666200637817
0.9963833093643188
0.9965333938598633
0.9963833689689636
0.9965000152587891
0.9965167045593262
0.9964333772659302
0.9964166879653931
0.9964333176612854
0.9965000152587891
0.9964666962623596
0.996483325958252
0.9964500069618225
0.9964333176612854
0.9964166879653931
0.9965333342552185
0.996483325958252
0.996399998664856
0.9963667392730713
0.9964333176612854
0.9965000152587891
0.9965499639511108
0.9965166449546814
0.996483325958252
0.9964666962623596
0.9965000152587891
0.9965166449546814
0.9965000152587891
0.9965333342552185
0.9965833425521851
0.9965833425521851
0.9965167045593262
0.996666669845581
0.9966000318527222
0.9966000318527222
0.9966000318527222
0.9966166019439697
0.9966333508491516
0.9965833425521851
0.9966500401496887
0.9966333508491516
0.9966999888420105
0.996649980545044
0.996649980545044
0.996649980545044
0.9966833591461182
0.9966166615486145
0.9967333078384399
0.9967166781425476
0.996749997138977
0.9967333078384399
0.9967166781425476
0.9967333674430847
0.9967000484466553
0.9967333078384399
0.9967833161354065
0.9966999888420105
0.996666669845581
0.9967833161354065
0.9967833161354065
0.9968000054359436
0.9968000054359436
0.996749997138977
0.996749997138977
0.9967166781425476
0.9967833161354065
0.9967666864395142
0.9968166351318359
0.9968000054359436
0.9968000054359436
0.9967333078384399
0.9968166947364807
0.9967833757400513
0.9968166351318359
0.9967833161354065
0.9967999458312988
0.9968166351318359
0.9968500137329102
0.9968500137329102
0.9969333410263062
0.996833324432373
0.9968833327293396
0.996916651725769
0.9968000054359436
0.9968666434288025
0.9968000054359436
0.9968666434288025
0.9969500303268433
0.9969000220298767
0.9968999624252319
0.9969000220298767
0.9968166947364807
0.9969167113304138
0.9968666434288025
0.9968667030334473
0.9969666600227356
0.9968000054359436
0.9969500303268433
0.9968500137329102
0.9969832897186279
0.9968499541282654
0.9969000220298767
0.9968833327293396
0.9969333410263062
0.9969499707221985
0.9969666600227356
0.9970167279243469
0.996916651725769
0.9969666600227356
0.996916651725769
0.9968833327293396
0.9969500303268433
0.9969833493232727
0.9969333410263062
0.9969666600227356
0.9970499873161316
0.9969500303268433
0.9970333576202393
0.9970333576202393
0.996916651725769
0.9970166683197021
0.9970499873161316
0.997083306312561
0.9969666600227356
0.9970499873161316
0.9971166849136353
0.9970166683197021
0.9969666600227356
0.9970667362213135
0.9970333576202393
0.9970499873161316
0.9970833659172058
0.9970166683197021
0.9969500303268433
0.9969832897186279
0.9970166683197021
0.9970999956130981
0.997083306312561
0.9971833229064941
0.9970333576202393
0.9971500039100647
0.997083306312561
0.9972332715988159
0.9971166849136353
0.9971500039100647
0.9971500039100647
0.9972167015075684
0.9971333742141724
0.9971500039100647
0.9970999956130981
0.997083306312561
0.9971166849136353
0.9971833229064941
0.997166633605957
0.9971833825111389
0.997166633605957
0.9971166849136353
0.9972000122070312
0.9972500205039978
0.9971666932106018
0.9972000122070312
0.9972500205039978
0.9972500205039978
0.9972333312034607
0.9972667098045349
0.9972166419029236
0.9972667098045349
0.9972500205039978
0.9973166584968567
0.9972999691963196
0.9972666501998901
0.9971833229064941
0.9972500205039978
0.9972500205039978
0.9973166584968567
0.9972999691963196
0.9973000288009644
0.9972167015075684
0.9971500039100647
0.9972833395004272
0.9972833395004272
0.9973499774932861
0.9973499774932861
0.9973666667938232
0.9972666501998901
0.9972000122070312
0.9973666667938232
0.9973000288009644
0.9972500205039978
0.9972832798957825
0.9973000288009644
0.9973165988922119
0.9973167181015015
0.9972666501998901
0.9973499774932861
0.9972999691963196
0.9974000453948975
0.9973999261856079
0.9974000453948975
0.9973999857902527
0.997416615486145
0.9973999857902527
0.9974666833877563
0.9974333047866821
0.9974499940872192
0.9973666667938232
0.9974166750907898
0.9974833726882935
0.9974333047866821
0.9973666667938232
0.9973499774932861
0.9975166320800781
0.9974167346954346
0.9974833130836487
0.9974000453948975
0.9974666833877563
0.9975000023841858
0.9974333047866821
0.9974666833877563
0.9975500106811523
0.9974833726882935
0.9975000023841858
0.9975000023841858
0.9973833560943604
0.9974499940872192
0.9974499940872192
0.9974833726882935
0.9974833130836487
0.9975166916847229
0.9974499940872192
0.9975333213806152
0.9975000023841858
0.9975000023841858
0.997450053691864
0.9975166916847229
0.9975166320800781
0.9975166916847229
0.9975500106811523
0.9975000023841858
0.9976000189781189
0.9975500106811523
0.9976000189781189
0.9975833296775818
0.9974666833877563
0.9975166320800781
0.9975666999816895
0.9974499940872192
0.9975500106811523
0.9975666999816895
0.9975666403770447
0.9976166486740112
0.9975666999816895
0.9975500106811523
0.9975500106811523
0.9975833296775818
0.997616708278656
0.9976000189781189
0.9976333379745483
0.9976166486740112
0.9976333379745483
0.9976333379745483
0.9975833296775818
0.9975999593734741
0.9976166486740112
0.9976667165756226
0.9976166486740112
0.9976333975791931
0.9976000189781189
0.9975666999816895
0.9975500106811523
0.9976333379745483
0.9976833462715149
0.99753338098526
0.9976000189781189
0.9976833462715149
0.9976166486740112
0.9976333379745483
0.9976999759674072
0.9976667165756226
0.9976333379745483
0.9976833462715149
0.9975999593734741
0.9976666569709778
0.9976999759674072
0.9976833462715149
0.9976499676704407
0.9976999759674072
0.9976999759674072
0.9976833462715149
0.9977166652679443
0.9976500272750854
0.9977833032608032
0.9976500272750854
0.9977999925613403
0.9977666735649109
0.9976833462715149
0.9977332949638367
0.9976833462715149
0.9976833462715149
0.9977499842643738
0.9977999925613403
0.9977500438690186
0.9977499842643738
0.9977333545684814
0.9977166652679443
0.9977333545684814
0.997783362865448
0.997700035572052
0.9977666735649109
0.9977666735649109
0.9977500438690186
0.9978333711624146
0.9977833032608032
0.9977500438690186
0.9976832866668701
0.9977332949638367
0.9977333545684814
0.9978166818618774
0.9978333711624146
0.9977833032608032
0.9978333115577698
0.9977332949638367
0.9977999925613403
0.9978333115577698
0.9977166652679443
0.9979000091552734
0.9977499842643738
0.9978166818618774
0.9978166222572327
0.9978166818618774
0.9977833032608032
0.9977999925613403
0.9977500438690186
0.997866690158844
0.9979166984558105
0.9978833794593811
0.997866690158844
0.997866690158844
0.9979000091552734
0.9979166984558105
0.9978833198547363
0.9979166388511658
0.9978666305541992
0.9978500008583069
0.9979000091552734
0.99795001745224
0.9979166984558105
0.9978500604629517
0.9979166984558105
0.9979333281517029
0.9978833198547363
0.9978500008583069
0.9979666471481323
0.9978666305541992
0.9979333877563477
0.9979333281517029
0.9979666471481323
0.9979000091552734
0.99795001745224
0.9979000091552734
0.99795001745224
0.9979666471481323
0.9979166388511658
0.9979667067527771
0.9978666305541992
0.9979000091552734
0.9979333877563477
0.9980167150497437
0.998033344745636
0.9979333877563477
0.9979333877563477
0.9979333281517029
0.9980000257492065
0.99795001745224
0.99795001745224
0.9979166984558105
0.9980166554450989
0.9979166984558105
0.9979667067527771
0.99795001745224
0.9979333281517029
0.9979833364486694
0.9980000257492065
0.99795001745224
0.9980000257492065
0.9979500770568848
0.9979333281517029
0.9980166554450989
0.9979333281517029
0.998033344745636
0.9980500340461731
0.9979833960533142
0.9980000257492065
0.9979833364486694
0.9980499744415283
0.9980499744415283
0.9980166554450989
0.9980167150497437
0.9979667067527771
0.99795001745224
0.9979499578475952
0.9980999827384949
0.99795001745224
0.9979833364486694
0.99795001745224
0.9980000257492065
0.9980666637420654
0.9980000257492065
0.998033344745636
0.9979333877563477
0.9980000257492065
0.9980000257492065
0.9979833364486694
0.9980666637420654
0.9980000257492065
0.9979666471481323
0.9980500340461731
0.9980666637420654
0.998033344745636
0.9980166554450989
0.9979833364486694
0.9979833364486694
0.9980832934379578
0.9980332851409912
0.9980500340461731
0.9980666637420654
0.9980666637420654
0.998033344745636
0.9979833960533142
0.9980666637420654
0.9980832934379578
0.9980832934379578
0.9980999827384949
0.9980666637420654
0.9980999827384949
0.9980666637420654
0.9980666637420654
0.9980666637420654
0.9980666637420654
